90.0000	0.531024	310.541	1.36254	0.0375554
89.9000	0.531024	310.541	1.36254	0.0375554
89.8000	0.359938	310.491	1.36203	0.0372118
89.7000	0.399422	310.572	1.36286	0.037237
89.6000	0.399422	310.572	1.36286	0.037237
89.5000	0.399422	310.572	1.36286	0.037237
89.4000	0.399422	310.572	1.36286	0.037237
89.3000	0.381316	310.58	1.36295	0.037029
89.2000	0.588744	310.588	1.36303	0.037035
89.1000	0.588744	310.588	1.36303	0.037035
89.0000	0.66557	310.535	1.36248	0.0369556
88.9000	0.625252	310.511	1.36223	0.0376371
88.8000	0.358965	310.612	1.36328	0.0373616
88.7000	0.312784	310.589	1.36304	0.0365791
88.6000	0.217096	310.549	1.36262	0.036028
88.5000	0.544308	310.609	1.36325	0.0373642
88.4000	0.544308	310.609	1.36325	0.0373642
88.3000	0.530286	310.625	1.36342	0.038289
88.2000	0.501787	310.581	1.36296	0.0375785
88.1000	0.465408	310.722	1.36443	0.0380929
88.0000	0.598642	310.72	1.3644	0.0380421
87.9000	0.329297	310.836	1.3656	0.0375411
87.8000	0.335652	310.745	1.36466	0.03717
87.7000	0.67804	310.563	1.36277	0.037528
87.6000	0.436728	310.702	1.36421	0.0375507
87.5000	0.417644	310.705	1.36425	0.0374102
87.4000	0.398463	310.689	1.36409	0.0373295
87.3000	0.331546	310.768	1.3649	0.0377464
87.2000	0.684677	310.737	1.36458	0.0369842
87.1000	0.774506	310.804	1.36528	0.0369913
87.0000	0.372385	310.789	1.36512	0.0375807
86.9000	0.22845	310.824	1.36548	0.0377854
86.8000	0.496779	310.751	1.36473	0.0381099
86.7000	0.329321	310.741	1.36462	0.0375275
86.6000	0.533212	310.767	1.36489	0.038152
86.5000	0.333638	310.81	1.36534	0.0380186
86.4000	0.36212	310.778	1.365	0.038085
86.3000	0.387225	310.793	1.36516	0.0384516
86.2000	0.483507	310.815	1.36539	0.0389952
86.1000	0.468468	310.764	1.36486	0.0385368
86.0000	0.253104	310.717	1.36437	0.0387893
85.9000	0.274176	310.773	1.36495	0.0382387
85.8000	0.648145	310.723	1.36444	0.0378111
85.7000	0.31057	310.734	1.36455	0.03795
85.6000	0.428986	310.776	1.36498	0.0387747
85.5000	0.526172	310.805	1.36529	0.0395335
85.4000	0.314978	310.686	1.36405	0.0383347
85.3000	0.510716	310.761	1.36483	0.0379537
85.2000	0.483818	310.75	1.36472	0.0389335
85.1000	0.538828	310.752	1.36474	0.0384918
85.0000	0.492381	310.85	1.36576	0.0389897
84.9000	0.555376	310.794	1.36518	0.0394915
84.8000	0.342628	310.847	1.36573	0.0386797
84.7000	0.317184	310.83	1.36555	0.0398053
84.6000	0.570087	310.841	1.36566	0.0395824
84.5000	0.393384	310.757	1.36478	0.0386755
84.4000	0.374908	310.853	1.36578	0.0401296
84.3000	0.483211	310.749	1.36471	0.0397867
84.2000	0.686641	310.779	1.36502	0.0392455
84.1000	0.256058	310.764	1.36486	0.0397074
84.0000	0.579512	310.733	1.36453	0.0391812
83.9000	0.483473	310.813	1.36537	0.0387672
83.8000	0.499751	310.758	1.36479	0.0395072
83.7000	0.653455	310.863	1.36589	0.0396002
83.6000	0.460542	310.765	1.36487	0.0399446
83.5000	0.581979	310.767	1.3649	0.0400806
83.4000	0.444492	310.731	1.36452	0.0396237
83.3000	0.398251	310.797	1.3652	0.0403069
83.2000	0.215277	310.751	1.36472	0.039389
83.1000	0.628603	310.809	1.36533	0.0407153
83.0000	0.79677	310.804	1.36528	0.0401255
82.9000	0.367061	310.846	1.36571	0.0399904
82.8000	0.654562	310.736	1.36457	0.0397656
82.7000	0.456085	310.796	1.36519	0.040589
82.6000	0.622319	310.716	1.36437	0.0405578
82.5000	0.537381	310.779	1.36502	0.0402027
82.4000	0.626987	310.715	1.36436	0.0411926
82.3000	0.424384	310.739	1.3646	0.0411749
82.2000	0.596342	310.71	1.3643	0.0412576
82.1000	0.492719	310.788	1.36511	0.0410125
82.0000	0.496873	310.795	1.36518	0.0398141
81.9000	0.517183	310.901	1.36629	0.0414072
81.8000	0.292003	310.765	1.36487	0.0412989
81.7000	0.521967	310.691	1.3641	0.0404558
81.6000	0.422244	310.627	1.36343	0.0420548
81.5000	0.254323	310.715	1.36435	0.0408164
81.4000	0.433646	310.697	1.36416	0.0421119
81.3000	0.547668	310.769	1.36491	0.0404126
81.2000	0.387654	310.768	1.3649	0.0413789
81.1000	0.357182	310.691	1.3641	0.042244
81.0000	0.222565	310.662	1.36381	0.0409344
80.9000	0.459537	310.665	1.36383	0.0423465
80.8000	0.707478	310.663	1.36381	0.0411779
80.7000	0.413962	310.65	1.36368	0.0416012
80.6000	0.502699	310.633	1.3635	0.0412204
80.5000	0.464836	310.639	1.36357	0.0408851
80.4000	0.705296	310.774	1.36497	0.0429328
80.3000	0.400427	310.73	1.3645	0.0428433
80.2000	0.54792	310.633	1.3635	0.0415641
80.1000	0.637793	310.724	1.36445	0.0421067
80.0000	0.529932	310.714	1.36434	0.0412099
79.9000	0.545906	310.641	1.36358	0.0421711
79.8000	0.627591	310.596	1.36311	0.0422086
79.7000	0.46994	310.607	1.36323	0.0425915
79.6000	0.520882	310.628	1.36344	0.0411982
79.5000	0.515645	310.517	1.3623	0.041508
79.4000	0.475992	310.593	1.36309	0.0428348
79.3000	0.503046	310.662	1.3638	0.0424016
79.2000	0.493964	310.564	1.36278	0.0421028
79.1000	0.379544	310.563	1.36277	0.0425808
79.0000	0.47979	310.489	1.362	0.0432757
78.9000	0.570055	310.539	1.36252	0.0438995
78.8000	0.649509	310.504	1.36216	0.0427477
78.7000	0.836264	310.55	1.36264	0.0427578
78.6000	0.52298	310.625	1.36342	0.0432853
78.5000	0.682726	310.486	1.36197	0.0432368
78.4000	0.790015	310.552	1.36266	0.043379
78.3000	0.640822	310.484	1.36195	0.0432576
78.2000	0.759859	310.454	1.36164	0.0423505
78.1000	0.610298	310.545	1.36259	0.0441449
78.0000	0.481721	310.494	1.36205	0.0436836
77.9000	0.630826	310.485	1.36196	0.0438506
77.8000	0.507028	310.49	1.36201	0.0438734
77.7000	0.558804	310.498	1.3621	0.0436658
77.6000	0.410909	310.378	1.36085	0.0446079
77.5000	0.409538	310.436	1.36145	0.0456763
77.4000	0.440588	310.504	1.36216	0.0445359
77.3000	0.372479	310.544	1.36257	0.0441444
77.2000	0.535526	310.451	1.36161	0.0442822
77.1000	0.684479	310.363	1.36069	0.0452355
77.0000	0.439717	310.404	1.36111	0.0444131
76.9000	0.57457	310.435	1.36144	0.0452777
76.8000	0.540926	310.449	1.36158	0.0457729
76.7000	0.480524	310.418	1.36126	0.0450968
76.6000	0.385497	310.382	1.36089	0.0452403
76.5000	0.448163	310.384	1.36091	0.0455466
76.4000	0.716693	310.32	1.36024	0.0450827
76.3000	0.62641	310.332	1.36037	0.0458948
76.2000	0.678238	310.408	1.36116	0.0457083
76.1000	0.274341	310.336	1.36041	0.0461369
76.0000	0.523949	310.328	1.36033	0.0463436
75.9000	0.599448	310.38	1.36087	0.045791
75.8000	0.786475	310.332	1.36037	0.0471441
75.7000	0.698265	310.298	1.36001	0.0461025
75.6000	0.75224	310.268	1.3597	0.047967
75.5000	0.676546	310.258	1.3596	0.0478741
75.4000	0.463724	310.33	1.36035	0.0470154
75.3000	0.553865	310.33	1.36035	0.0481506
75.2000	0.656131	310.296	1.35999	0.0466776
75.1000	0.52874	310.253	1.35955	0.0479954
75.0000	0.55334	310.275	1.35977	0.047014
74.9000	0.571483	310.213	1.35913	0.048598
74.8000	0.679463	310.233	1.35934	0.0488599
74.7000	0.47719	310.237	1.35939	0.0488474
74.6000	0.62173	310.22	1.35921	0.0480252
74.5000	0.453233	310.224	1.35925	0.0492062
74.4000	0.741727	310.155	1.35853	0.0494081
74.3000	0.469336	310.127	1.35824	0.0489194
74.2000	0.585147	310.222	1.35922	0.0497657
74.1000	0.492651	310.196	1.35895	0.0486676
74.0000	0.80304	310.132	1.35829	0.0492893
73.9000	0.56756	310.144	1.35841	0.0478781
73.8000	0.347401	310.148	1.35845	0.0489454
73.7000	0.377377	310.106	1.35802	0.0489035
73.6000	0.392278	310.013	1.35705	0.0497406
73.5000	0.614064	310	1.35691	0.050551
73.4000	0.69763	310.012	1.35704	0.0502029
73.3000	0.405258	310.09	1.35785	0.0504314
73.2000	0.786603	310.069	1.35763	0.0498682
73.1000	0.459546	310.02	1.35713	0.0510138
73.0000	0.74467	310.047	1.3574	0.0496423
72.9000	0.71622	309.984	1.35675	0.0508496
72.8000	0.537183	309.976	1.35666	0.0508668
72.7000	0.563179	309.979	1.35669	0.0513412
72.6000	0.580293	309.936	1.35624	0.0515794
72.5000	0.695966	309.918	1.35607	0.0511906
72.4000	0.535513	309.967	1.35657	0.0513734
72.3000	0.660262	310.027	1.3572	0.0525901
72.2000	0.62753	309.981	1.35671	0.0520952
72.1000	0.59425	309.83	1.35514	0.0526733
72.0000	0.733228	309.879	1.35566	0.0526056
71.9000	0.404195	309.856	1.35541	0.0534027
71.8000	0.657803	309.868	1.35554	0.0529532
71.7000	0.516174	309.895	1.35582	0.0527654
71.6000	0.668285	309.763	1.35444	0.0530929
71.5000	0.651009	309.804	1.35487	0.0530692
71.4000	0.533986	309.785	1.35467	0.0525047
71.3000	0.797279	309.765	1.35447	0.0550617
71.2000	0.570677	309.722	1.35402	0.0554185
71.1000	0.545779	309.7	1.35379	0.0539496
71.0000	0.659219	309.698	1.35377	0.0546123
70.9000	0.886206	309.712	1.35392	0.0545432
70.8000	0.694347	309.729	1.35409	0.0549671
70.7000	0.391164	309.715	1.35395	0.0551862
70.6000	0.724626	309.759	1.3544	0.0548799
70.5000	0.643356	309.736	1.35416	0.0546849
70.4000	0.393875	309.505	1.35176	0.0559026
70.3000	0.556355	309.49	1.35161	0.0564726
70.2000	0.512477	309.565	1.35239	0.05573
70.1000	0.758076	309.588	1.35263	0.0569963
70.0000	0.759892	309.608	1.35283	0.0560278
69.9000	0.75555	309.549	1.35222	0.0563594
69.8000	0.658676	309.485	1.35155	0.0574005
69.7000	0.407578	309.659	1.35336	0.0583265
69.6000	0.376567	309.531	1.35203	0.0571985
69.5000	0.605891	309.4	1.35066	0.0579633
69.4000	0.779924	309.488	1.35158	0.0579819
69.3000	0.633641	309.412	1.3508	0.0585883
69.2000	0.748859	309.379	1.35044	0.058694
69.1000	0.567345	309.452	1.35121	0.0592403
69.0000	0.709073	309.457	1.35126	0.0587865
68.9000	0.503821	309.388	1.35054	0.0588429
68.8000	0.653682	309.387	1.35053	0.0601859
68.7000	0.57253	309.344	1.35008	0.0595667
68.6000	0.685246	309.387	1.35053	0.0593809
68.5000	0.721552	309.362	1.35027	0.0596843
68.4000	0.842387	309.288	1.3495	0.0601748
68.3000	0.61561	309.367	1.35032	0.059264
68.2000	0.848915	309.282	1.34944	0.0610345
68.1000	0.70267	309.151	1.34807	0.0598123
68.0000	0.660649	309.163	1.34819	0.0613
67.9000	0.683673	309.163	1.34819	0.0610798
67.8000	0.509091	309.157	1.34813	0.0605642
67.7000	0.691681	309.109	1.34763	0.0614284
67.6000	0.943758	309.195	1.34852	0.0625473
67.5000	0.570113	309.163	1.3482	0.0628039
67.4000	0.884744	309.135	1.3479	0.0624716
67.3000	0.627701	309.061	1.34713	0.062301
67.2000	0.617648	308.986	1.34634	0.0628495
67.1000	0.689447	309.05	1.34701	0.0630546
67.0000	0.581514	309.027	1.34678	0.0640941
66.9000	0.623195	309.009	1.34659	0.0641863
66.8000	0.667044	308.928	1.34574	0.0646379
66.7000	0.778024	308.899	1.34544	0.0642608
66.6000	0.769887	308.894	1.34539	0.0648489
66.5000	0.686247	308.855	1.34498	0.0655454
66.4000	0.716316	308.918	1.34564	0.0651615
66.3000	0.776321	308.862	1.34506	0.0660897
66.2000	0.703267	308.951	1.34598	0.0664704
66.1000	0.753824	308.788	1.34428	0.0675685
66.0000	0.463899	308.91	1.34555	0.0661418
65.9000	0.841437	308.788	1.34429	0.0680069
65.8000	0.9028	308.75	1.34389	0.0680241
65.7000	0.845375	308.724	1.34361	0.0678224
65.6000	0.780365	308.726	1.34364	0.0692389
65.5000	0.785045	308.752	1.34391	0.0694019
65.4000	0.686671	308.581	1.34212	0.067987
65.3000	0.765065	308.582	1.34213	0.0686661
65.2000	0.698851	308.67	1.34305	0.0697526
65.1000	0.70564	308.575	1.34206	0.0691322
65.0000	0.629254	308.598	1.3423	0.0704495
64.9000	0.614645	308.671	1.34306	0.0702732
64.8000	0.891461	308.579	1.34211	0.0695092
64.7000	0.858449	308.598	1.3423	0.0702102
64.6000	0.76861	308.371	1.33992	0.0723279
64.5000	1.0315	308.455	1.3408	0.0712444
64.4000	0.768718	308.401	1.34025	0.0729276
64.3000	0.995766	308.412	1.34036	0.0725246
64.2000	0.933417	308.326	1.33946	0.0738653
64.1000	0.911063	308.378	1.34	0.0736314
64.0000	0.842381	308.411	1.34035	0.0749057
63.9000	0.628036	308.323	1.33943	0.072076
63.8000	0.46972	308.323	1.33942	0.0734289
63.7000	0.761417	308.188	1.33802	0.0755242
63.6000	0.71413	308.095	1.33704	0.0745026
63.5000	0.914319	308.273	1.3389	0.0756383
63.4000	0.657042	308.305	1.33924	0.0743922
63.3000	0.656168	308.121	1.33731	0.0762315
63.2000	0.774278	308.146	1.33758	0.0755598
63.1000	0.772433	308.008	1.33613	0.0760342
63.0000	1.03537	308.071	1.33679	0.0775219
62.9000	0.926411	307.986	1.3359	0.0757505
62.8000	0.639949	307.996	1.33601	0.076742
62.7000	0.763275	307.981	1.33585	0.0777577
62.6000	0.894464	308.031	1.33638	0.0789682
62.5000	0.896153	308.078	1.33687	0.0783213
62.4000	0.878951	307.925	1.33526	0.0791275
62.3000	0.928963	307.819	1.33416	0.0793515
62.2000	0.649835	307.781	1.33376	0.0796048
62.1000	0.982018	307.749	1.33343	0.0806053
62.0000	0.7953	307.8	1.33396	0.082912
61.9000	0.917728	307.781	1.33376	0.0805476
61.8000	0.899509	307.68	1.33271	0.0830902
61.7000	0.863034	307.71	1.33302	0.0835798
61.6000	0.727202	307.601	1.33188	0.0829957
61.5000	0.681787	307.607	1.33194	0.084643
61.4000	0.937932	307.571	1.33156	0.0831854
61.3000	0.675108	307.487	1.33068	0.0851499
61.2000	0.842125	307.57	1.33155	0.0839769
61.1000	0.940106	307.567	1.33152	0.0835001
61.0000	0.95143	307.432	1.3301	0.0854319
60.9000	0.85666	307.376	1.32952	0.0868877
60.8000	0.661668	307.366	1.32942	0.0865402
60.7000	0.920355	307.312	1.32885	0.0868923
60.6000	0.756136	307.373	1.3295	0.08698
60.5000	0.997641	307.374	1.32951	0.0864438
60.4000	0.798105	307.35	1.32925	0.0873871
60.3000	0.91226	307.372	1.32949	0.088409
60.2000	0.723856	307.268	1.3284	0.0891055
60.1000	1.14704	307.24	1.3281	0.0907996
60.0000	1.02584	307.236	1.32806	0.0920453
59.9000	1.0948	307.247	1.32817	0.0904684
59.8000	0.686328	307.271	1.32843	0.0897399
59.7000	0.972153	307.09	1.32653	0.0917298
59.6000	0.740201	307.082	1.32644	0.0928346
59.5000	1.06245	307.167	1.32733	0.0923349
59.4000	1.21227	307.166	1.32733	0.0917189
59.3000	0.965622	307.068	1.3263	0.0939166
59.2000	1.16307	307.004	1.32563	0.0928885
59.1000	0.947675	307.021	1.32581	0.0930168
59.0000	0.918179	306.922	1.32477	0.0934008
58.9000	1.15187	306.871	1.32423	0.0967965
58.8000	0.957675	306.826	1.32376	0.0966682
58.7000	1.16514	306.937	1.32493	0.0966124
58.6000	0.721033	306.797	1.32345	0.0977518
58.5000	1.03635	306.845	1.32395	0.0980146
58.4000	1.31115	306.696	1.32239	0.0978075
58.3000	0.968437	306.736	1.32282	0.0991947
58.2000	1.05016	306.673	1.32216	0.0980192
58.1000	0.933453	306.69	1.32234	0.0996278
58.0000	0.873227	306.597	1.32136	0.0993813
57.9000	0.837094	306.67	1.32213	0.100763
57.8000	0.988101	306.638	1.32179	0.0999006
57.7000	0.816261	306.589	1.32127	0.101497
57.6000	0.94726	306.511	1.32045	0.100971
57.5000	1.06555	306.49	1.32024	0.103227
57.4000	0.900897	306.412	1.31942	0.103701
57.3000	1.01241	306.402	1.31931	0.103762
57.2000	0.965727	306.326	1.31851	0.10271
57.1000	1.0819	306.381	1.31909	0.104459
57.0000	1.06579	306.328	1.31853	0.104706
56.9000	1.0402	306.348	1.31874	0.104388
56.8000	0.978409	306.287	1.31811	0.105867
56.7000	1.13433	306.325	1.3185	0.106211
56.6000	0.941428	306.31	1.31835	0.10711
56.5000	1.14841	306.2	1.31719	0.107448
56.4000	0.876047	306.163	1.3168	0.109322
56.3000	1.01728	306.174	1.31692	0.109894
56.2000	0.908768	306.186	1.31704	0.108401
56.1000	0.952705	306.136	1.31652	0.107752
56.0000	0.95152	306.099	1.31613	0.110218
55.9000	1.11424	306.07	1.31583	0.1095
55.8000	1.15724	306.051	1.31563	0.111066
55.7000	1.33742	306.003	1.31513	0.113633
55.6000	1.05966	305.954	1.31461	0.113084
55.5000	1.01399	305.999	1.31508	0.113521
55.4000	0.985643	305.902	1.31406	0.114151
55.3000	0.949103	305.96	1.31467	0.11473
55.2000	1.08995	305.903	1.31408	0.115799
55.1000	0.994682	305.754	1.31251	0.115567
55.0000	0.993204	305.917	1.31422	0.11584
54.9000	1.20777	305.754	1.31251	0.115965
54.8000	1.01871	305.698	1.31192	0.116637
54.7000	1.03484	305.724	1.31219	0.116046
54.6000	0.921567	305.695	1.31189	0.117307
54.5000	1.26514	305.727	1.31222	0.116277
54.4000	0.916605	305.64	1.31131	0.120018
54.3000	1.20652	305.62	1.3111	0.119392
54.2000	1.139	305.509	1.30994	0.121228
54.1000	0.967241	305.536	1.31022	0.120526
54.0000	1.13568	305.508	1.30993	0.12192
53.9000	0.891817	305.603	1.31092	0.121679
53.8000	1.03587	305.508	1.30993	0.122579
53.7000	1.28782	305.331	1.30806	0.124421
53.6000	1.13464	305.357	1.30834	0.125567
53.5000	1.29804	305.367	1.30844	0.125422
53.4000	1.15661	305.366	1.30843	0.125731
53.3000	1.12027	305.289	1.30762	0.125873
53.2000	0.974083	305.213	1.30682	0.125926
53.1000	1.27886	305.288	1.30761	0.126555
53.0000	1.10017	305.154	1.3062	0.130009
52.9000	1.00464	305.154	1.3062	0.128891
52.8000	1.20004	305.122	1.30586	0.132407
52.7000	1.28633	305.036	1.30496	0.131085
52.6000	1.13544	305.182	1.30649	0.129992
52.5000	1.05762	305.057	1.30518	0.131136
52.4000	1.18046	305.088	1.30551	0.130527
52.3000	1.1263	305.04	1.305	0.133782
52.2000	1.06742	304.981	1.30437	0.131807
52.1000	1.05008	304.966	1.30423	0.132561
52.0000	1.11392	304.946	1.30401	0.133254
51.9000	1.025	304.906	1.30359	0.134819
51.8000	1.03372	304.815	1.30263	0.135159
51.7000	1.22728	304.833	1.30282	0.135997
51.6000	1.35741	304.737	1.30181	0.136385
51.5000	1.24602	304.752	1.30196	0.136658
51.4000	1.25868	304.697	1.30139	0.138337
51.3000	1.2331	304.62	1.30058	0.140178
51.2000	1.11892	304.652	1.30091	0.139543
51.1000	1.24173	304.656	1.30095	0.139272
51.0000	1.05238	304.625	1.30063	0.141187
50.9000	0.969942	304.62	1.30058	0.140133
50.8000	1.34278	304.571	1.30007	0.142613
50.7000	1.17501	304.548	1.29982	0.142074
50.6000	1.24956	304.494	1.29925	0.142154
50.5000	1.30507	304.438	1.29866	0.14404
50.4000	1.22095	304.45	1.29879	0.143352
50.3000	1.13684	304.481	1.29912	0.142563
50.2000	1.24887	304.378	1.29803	0.144152
50.1000	1.02663	304.294	1.29714	0.146915
50.0000	1.12643	304.455	1.29884	0.146772
49.9000	1.17984	304.301	1.29721	0.147314
49.8000	1.12121	304.179	1.29593	0.148453
49.7000	1.20394	304.156	1.29569	0.146829
49.6000	1.23439	304.225	1.29641	0.149967
49.5000	1.318	304.221	1.29637	0.148583
49.4000	1.29855	304.23	1.29646	0.150708
49.3000	1.21414	304.067	1.29475	0.153049
49.2000	1.01172	304.019	1.29424	0.152327
49.1000	1.08967	304.027	1.29433	0.150662
49.0000	1.56486	304.034	1.29439	0.151401
48.9000	1.20833	304.008	1.29413	0.153107
48.8000	1.01668	303.918	1.29318	0.155752
48.7000	1.03857	303.997	1.294	0.153339
48.6000	1.16037	303.894	1.29293	0.154966
48.5000	1.38462	303.911	1.2931	0.155815
48.4000	1.2021	303.858	1.29254	0.156337
48.3000	1.24083	303.81	1.29204	0.159771
48.2000	1.22381	303.773	1.29165	0.157473
48.1000	1.28303	303.718	1.29106	0.160033
48.0000	1.46328	303.7	1.29088	0.158924
47.9000	1.20924	303.73	1.29119	0.158295
47.8000	1.16888	303.709	1.29097	0.160141
47.7000	1.47053	303.67	1.29056	0.162425
47.6000	1.23623	303.631	1.29015	0.160768
47.5000	1.3246	303.641	1.29025	0.16154
47.4000	1.27769	303.573	1.28953	0.164068
47.3000	1.20158	303.615	1.28998	0.163019
47.2000	1.38416	303.636	1.29019	0.162941
47.1000	1.20981	303.598	1.28979	0.164409
47.0000	1.3451	303.537	1.28915	0.165281
46.9000	1.29614	303.474	1.28848	0.166588
46.8000	1.26454	303.387	1.28757	0.166763
46.7000	1.56059	303.422	1.28793	0.167608
46.6000	1.43618	303.357	1.28725	0.166021
46.5000	1.41798	303.303	1.28668	0.169956
46.4000	1.48031	303.314	1.2868	0.169898
46.3000	1.27462	303.285	1.28649	0.170352
46.2000	1.3783	303.31	1.28675	0.1697
46.1000	1.49402	303.173	1.2853	0.170336
46.0000	1.31953	303.208	1.28568	0.171387
45.9000	1.17184	303.211	1.2857	0.1737
45.8000	1.20156	303.096	1.2845	0.173747
45.7000	1.48698	303.193	1.28552	0.175082
45.6000	1.10646	303.172	1.28529	0.174653
45.5000	1.28975	303.063	1.28414	0.176183
45.4000	1.42714	303.059	1.2841	0.175689
45.3000	1.20881	303.055	1.28405	0.174594
45.2000	1.41485	303.046	1.28396	0.179325
45.1000	1.44869	303.016	1.28364	0.178119
45.0000	1.51277	302.953	1.28298	0.177306
44.9000	1.34839	302.928	1.28272	0.178561
44.8000	1.39594	302.9	1.28242	0.179948
44.7000	1.28865	302.87	1.2821	0.17979
44.6000	1.43144	302.914	1.28256	0.181031
44.5000	1.42121	302.95	1.28295	0.17912
44.4000	1.26668	302.757	1.28091	0.180588
44.3000	1.24218	302.737	1.2807	0.182913
44.2000	1.25831	302.793	1.28129	0.180999
44.1000	1.37749	302.764	1.28098	0.184575
44.0000	1.49362	302.747	1.2808	0.182175
43.9000	1.30332	302.647	1.27975	0.185759
43.8000	1.54013	302.628	1.27954	0.187678
43.7000	1.41441	302.712	1.28043	0.185752
43.6000	1.46372	302.636	1.27963	0.186047
43.5000	1.50596	302.511	1.27831	0.188902
43.4000	1.46451	302.678	1.28007	0.188136
43.3000	1.2788	302.583	1.27907	0.187334
43.2000	1.26934	302.491	1.27809	0.189423
43.1000	1.49389	302.541	1.27863	0.18818
43.0000	1.36923	302.437	1.27752	0.190479
42.9000	1.39692	302.445	1.27761	0.192177
42.8000	1.41477	302.459	1.27775	0.193087
42.7000	1.13971	302.422	1.27736	0.191512
42.6000	1.5138	302.334	1.27643	0.193553
42.5000	1.69445	302.362	1.27673	0.192835
42.4000	1.49176	302.363	1.27674	0.195112
42.3000	1.36225	302.42	1.27734	0.192126
42.2000	1.74114	302.26	1.27565	0.197803
42.1000	1.40605	302.292	1.27598	0.196982
42.0000	1.42399	302.289	1.27596	0.197233
41.9000	1.54417	302.25	1.27554	0.198027
41.8000	1.43264	302.203	1.27504	0.19815
41.7000	1.64673	302.19	1.27491	0.198336
41.6000	1.38193	302.193	1.27494	0.197442
41.5000	1.30787	302.165	1.27464	0.198648
41.4000	1.37544	302.092	1.27386	0.199425
41.3000	1.50317	302.147	1.27445	0.198919
41.2000	1.49436	302.096	1.27391	0.201846
41.1000	1.5421	302.115	1.27411	0.202902
41.0000	1.34048	302.081	1.27375	0.202344
40.9000	1.41838	302.161	1.2746	0.203125
40.8000	1.44781	301.947	1.27233	0.206078
40.7000	1.49627	302.071	1.27365	0.203312
40.6000	1.36802	301.96	1.27247	0.20661
40.5000	1.40293	301.871	1.27153	0.205551
40.4000	1.41219	301.975	1.27263	0.204938
40.3000	1.16141	301.963	1.2725	0.205037
40.2000	1.28598	301.911	1.27195	0.205397
40.1000	1.4589	301.801	1.27078	0.207546
40.0000	1.55043	301.885	1.27168	0.208357
39.9000	1.58954	301.84	1.2712	0.207369
39.8000	1.64657	301.834	1.27114	0.205643
39.7000	1.31799	301.855	1.27135	0.209074
39.6000	1.49709	301.733	1.27007	0.209946
39.5000	1.4465	301.739	1.27013	0.208893
39.4000	1.71892	301.72	1.26993	0.211575
39.3000	1.33069	301.764	1.27039	0.214414
39.2000	1.52151	301.664	1.26933	0.212534
39.1000	1.64012	301.602	1.26867	0.212625
39.0000	1.83199	301.636	1.26903	0.212886
38.9000	1.25792	301.708	1.2698	0.213672
38.8000	1.56959	301.595	1.2686	0.216433
38.7000	1.43471	301.548	1.2681	0.214373
38.6000	1.74976	301.659	1.26928	0.216598
38.5000	1.64286	301.596	1.26861	0.218373
38.4000	1.57327	301.481	1.26739	0.216767
38.3000	1.66649	301.553	1.26815	0.217804
38.2000	1.43982	301.471	1.26729	0.220557
38.1000	1.23943	301.454	1.26711	0.219614
38.0000	1.36706	301.469	1.26727	0.218866
37.9000	1.67575	301.424	1.26679	0.218631
37.8000	1.63204	301.454	1.2671	0.217864
37.7000	1.58147	301.389	1.26641	0.219748
37.6000	1.75551	301.372	1.26624	0.22366
37.5000	1.33505	301.342	1.26592	0.223402
37.4000	1.65728	301.344	1.26593	0.224247
37.3000	1.65972	301.412	1.26665	0.222783
37.2000	1.8034	301.258	1.26502	0.222346
37.1000	1.6639	301.253	1.26497	0.2233
37.0000	1.45482	301.231	1.26474	0.225863
36.9000	1.46162	301.261	1.26505	0.224729
36.8000	1.53269	301.204	1.26445	0.227945
36.7000	1.71894	301.204	1.26445	0.226367
36.6000	1.82146	301.161	1.26399	0.228266
36.5000	1.56965	301.12	1.26356	0.22731
36.4000	2.05523	301.167	1.26406	0.228622
36.3000	1.67033	301.124	1.26361	0.231648
36.2000	1.50528	301.139	1.26376	0.231573
36.1000	1.63286	301.072	1.26305	0.232689
36.0000	1.797	301.069	1.26301	0.230749
35.9000	1.48457	301.082	1.26315	0.23116
35.8000	1.52059	301.057	1.26289	0.230293
35.7000	1.70464	301.022	1.26252	0.230963
35.6000	1.97406	300.98	1.26207	0.23381
35.5000	1.64006	300.89	1.26112	0.235023
35.4000	1.68289	300.921	1.26145	0.234337
35.3000	1.69053	301.105	1.26339	0.233213
35.2000	1.70476	300.959	1.26185	0.235242
35.1000	1.55467	300.927	1.26151	0.23674
35.0000	1.76435	300.962	1.26188	0.236847
34.9000	1.81768	300.95	1.26175	0.236687
34.8000	1.69104	300.941	1.26166	0.23761
34.7000	1.85537	300.793	1.26008	0.238956
34.6000	1.64331	300.86	1.2608	0.239876
34.5000	1.71383	300.853	1.26073	0.240603
34.4000	1.8612	300.758	1.25971	0.240623
34.3000	1.86973	300.766	1.2598	0.24031
34.2000	1.79915	300.82	1.26037	0.239851
34.1000	1.91407	300.692	1.25901	0.241862
34.0000	1.93941	300.703	1.25913	0.243063
33.9000	1.58136	300.793	1.26009	0.242988
33.8000	1.63279	300.764	1.25978	0.242511
33.7000	1.91499	300.729	1.25941	0.244863
33.6000	1.76196	300.703	1.25913	0.244674
33.5000	1.85625	300.652	1.25859	0.245776
33.4000	1.92034	300.705	1.25915	0.245434
33.3000	2.04195	300.753	1.25965	0.246793
33.2000	2.0255	300.685	1.25894	0.245351
33.1000	1.74145	300.59	1.25792	0.245232
33.0000	1.93156	300.638	1.25844	0.246342
32.9000	1.83054	300.589	1.25792	0.246872
32.8000	1.96178	300.622	1.25827	0.247864
32.7000	2.02948	300.606	1.25809	0.247838
32.6000	2.0031	300.507	1.25705	0.250494
32.5000	1.9802	300.571	1.25773	0.248092
32.4000	2.22514	300.469	1.25664	0.251545
32.3000	1.98225	300.471	1.25666	0.252381
32.2000	2.05734	300.475	1.2567	0.251303
32.1000	2.2089	300.512	1.25709	0.251028
32.0000	2.29117	300.484	1.2568	0.252988
31.9000	2.035	300.567	1.25768	0.253372
31.8000	2.18526	300.44	1.25633	0.254073
31.7000	2.24259	300.405	1.25596	0.253752
31.6000	2.27501	300.359	1.25547	0.255342
31.5000	2.00521	300.453	1.25647	0.256785
31.4000	2.2694	300.415	1.25607	0.256012
31.3000	2.18939	300.325	1.25511	0.254921
31.2000	2.42583	300.476	1.25672	0.256819
31.1000	2.23606	300.386	1.25576	0.257342
31.0000	2.14081	300.338	1.25525	0.260813
30.9000	2.21034	300.377	1.25566	0.259059
30.8000	2.26105	300.465	1.2566	0.257953
30.7000	2.24164	300.34	1.25527	0.258962
30.6000	2.54413	300.423	1.25615	0.261653
30.5000	2.69764	300.366	1.25554	0.259553
30.4000	2.48187	300.341	1.25528	0.262213
30.3000	2.53174	300.349	1.25536	0.260965
30.2000	2.70809	300.367	1.25555	0.262805
30.1000	2.88322	300.376	1.25566	0.263258
30.0000	2.70806	300.32	1.25506	0.262164
29.9000	2.82486	300.303	1.25488	0.264179
29.8000	2.8804	300.319	1.25504	0.263704
29.7000	2.93822	300.307	1.25492	0.26564
29.6000	3.33014	300.333	1.25519	0.267204
29.5000	3.15641	300.343	1.2553	0.265906
29.4000	3.56564	300.314	1.25499	0.267054
29.3000	3.23014	300.287	1.2547	0.265853
29.2000	3.26115	300.371	1.2556	0.265856
29.1000	3.28096	300.46	1.25654	0.267289
29.0000	3.44298	300.367	1.25555	0.267749
28.9000	3.47165	300.341	1.25528	0.270431
28.8000	3.51084	300.388	1.25578	0.268872
28.7000	3.66981	300.373	1.25562	0.270709
28.6000	4.0232	300.395	1.25585	0.26926
28.5000	4.10061	300.415	1.25607	0.27022
28.4000	4.09475	300.455	1.25649	0.271618
28.3000	4.16379	300.44	1.25633	0.274124
28.2000	4.53728	300.536	1.25736	0.272465
28.1000	4.56311	300.559	1.25759	0.272859
28.0000	4.64229	300.502	1.25699	0.272979
27.9000	4.60619	300.531	1.2573	0.275392
27.8000	5.1099	300.649	1.25856	0.276648
27.7000	5.37289	300.616	1.2582	0.276017
27.6000	5.33706	300.556	1.25756	0.277521
27.5000	5.67634	300.691	1.259	0.280665
27.4000	5.95695	300.73	1.25941	0.277842
27.3000	6.03882	300.718	1.25929	0.280982
27.2000	6.13282	300.836	1.26055	0.27898
27.1000	6.60966	300.915	1.26138	0.28015
27.0000	6.70146	300.968	1.26195	0.277354
26.9000	7.10954	300.983	1.26211	0.282228
26.8000	7.45125	301.01	1.26239	0.283284
26.7000	7.69432	301.089	1.26323	0.282226
26.6000	7.96326	301.13	1.26367	0.285397
26.5000	8.34201	301.147	1.26385	0.287023
26.4000	8.81589	301.283	1.26529	0.284766
26.3000	8.82347	301.329	1.26577	0.286898
26.2000	9.26678	301.429	1.26684	0.288546
26.1000	9.91576	301.646	1.26914	0.285808
26.0000	10.3711	301.563	1.26826	0.289454
25.9000	10.9097	301.719	1.26992	0.29163
25.8000	11.0841	301.802	1.27079	0.289444
25.7000	11.4589	301.788	1.27065	0.292376
25.6000	11.8314	301.9	1.27184	0.294043
25.5000	12.2901	301.987	1.27276	0.292927
25.4000	12.8516	302.091	1.27386	0.296776
25.3000	13.2012	302.236	1.27539	0.298035
25.2000	13.7243	302.261	1.27566	0.299809
25.1000	13.9968	302.374	1.27685	0.297954
25.0000	14.4622	302.481	1.27799	0.300205
24.9000	15.0087	302.543	1.27864	0.298051
24.8000	15.0836	302.616	1.27942	0.302076
24.7000	16.0247	302.848	1.28187	0.300529
24.6000	16.7754	302.927	1.2827	0.301702
24.5000	17.1537	303.072	1.28424	0.30366
24.4000	17.7207	303.172	1.2853	0.304565
24.3000	18.024	303.31	1.28676	0.302171
24.2000	18.5429	303.327	1.28694	0.305513
24.1000	18.93	303.368	1.28737	0.307385
24.0000	19.3663	303.439	1.28812	0.307849
23.9000	20.0673	303.519	1.28897	0.306392
23.8000	20.187	303.588	1.28969	0.308593
23.7000	20.6038	303.77	1.29161	0.310201
23.6000	21.29	303.784	1.29176	0.310033
23.5000	21.686	304.02	1.29425	0.311385
23.4000	21.932	304.039	1.29445	0.312609
23.3000	22.678	304.187	1.29601	0.311825
23.2000	23.1012	304.264	1.29683	0.313975
23.1000	23.2954	304.379	1.29804	0.317004
23.0000	24.0055	304.42	1.29847	0.315755
22.9000	24.3802	304.461	1.2989	0.317188
22.8000	24.5888	304.51	1.29942	0.317547
22.7000	24.7404	304.57	1.30005	0.319358
22.6000	25.3914	304.677	1.30117	0.319332
22.5000	25.7995	304.772	1.30218	0.3171
22.4000	25.8837	304.767	1.30212	0.319738
22.3000	26.5083	304.897	1.3035	0.322075
22.2000	26.7697	304.921	1.30375	0.325285
22.1000	27.2693	305.018	1.30476	0.32412
22.0000	27.2042	305.075	1.30536	0.322549
21.9000	27.5217	305.051	1.30511	0.324965
21.8000	28.2771	305.144	1.3061	0.325119
21.7000	27.9309	305.141	1.30606	0.32512
21.6000	28.4549	305.241	1.30712	0.325612
21.5000	28.8841	305.28	1.30752	0.325877
21.4000	29.1645	305.308	1.30782	0.327125
21.3000	29.3244	305.342	1.30818	0.327278
21.2000	29.6071	305.435	1.30915	0.327204
21.1000	29.8839	305.477	1.3096	0.32759
21.0000	30.2418	305.513	1.30998	0.326018
20.9000	30.3083	305.479	1.30962	0.328708
20.8000	30.479	305.627	1.31118	0.325299
20.7000	30.8892	305.581	1.31069	0.328129
20.6000	30.9432	305.734	1.3123	0.328059
20.5000	31.2386	305.623	1.31113	0.330169
20.4000	31.306	305.666	1.31159	0.333371
20.3000	31.5589	305.71	1.31205	0.330057
20.2000	31.7241	305.819	1.31319	0.328754
20.1000	31.8625	305.866	1.31368	0.330891
20.0000	32.0163	305.786	1.31285	0.334132
19.9000	32.2119	305.897	1.31401	0.334633
19.8000	32.3769	305.835	1.31336	0.333265
19.7000	32.3911	305.965	1.31473	0.33367
19.6000	32.7419	305.981	1.31489	0.332736
19.5000	32.5826	305.94	1.31447	0.334894
19.4000	32.8547	305.994	1.31503	0.333927
19.3000	33.0382	305.941	1.31447	0.336162
19.2000	33.1695	305.999	1.31508	0.335893
19.1000	33.4359	306.064	1.31577	0.333972
19.0000	33.4625	306.098	1.31613	0.335157
18.9000	33.6583	306.058	1.3157	0.335826
18.8000	33.7229	306.072	1.31585	0.338737
18.7000	34.0721	306.095	1.31609	0.338189
18.6000	33.9258	306.162	1.31679	0.336104
18.5000	33.7688	306.166	1.31684	0.339143
18.4000	34.0772	306.212	1.31732	0.336058
18.3000	34.01	306.143	1.3166	0.338235
18.2000	34.2956	306.196	1.31715	0.337042
18.1000	34.2836	306.173	1.31691	0.338356
18.0000	34.6326	306.129	1.31645	0.339898
17.9000	34.6192	306.117	1.31633	0.340752
17.8000	34.4582	306.2	1.31719	0.338595
17.7000	34.7724	306.288	1.31811	0.336561
17.6000	34.6184	306.204	1.31724	0.339982
17.5000	34.759	306.256	1.31778	0.341824
17.4000	34.8773	306.197	1.31716	0.340416
17.3000	34.925	306.257	1.3178	0.342715
17.2000	34.9161	306.216	1.31736	0.341077
17.1000	35.2607	306.243	1.31764	0.340446
17.0000	35.1691	306.38	1.31908	0.339921
16.9000	35.2426	306.296	1.3182	0.341294
16.8000	35.4166	306.253	1.31775	0.343933
16.7000	35.4586	306.215	1.31735	0.347287
16.6000	35.5217	306.282	1.31805	0.344728
16.5000	35.4517	306.334	1.3186	0.34408
16.4000	35.4377	306.278	1.31801	0.343219
16.3000	35.8594	306.303	1.31827	0.341305
16.2000	35.7629	306.385	1.31914	0.344841
16.1000	35.4377	306.302	1.31827	0.344493
16.0000	35.5969	306.279	1.31802	0.344398
15.9000	35.7036	306.286	1.3181	0.345845
15.8000	35.6972	306.385	1.31914	0.344975
15.7000	35.9432	306.369	1.31897	0.345748
15.6000	35.9943	306.379	1.31907	0.344815
15.5000	35.8289	306.317	1.31842	0.348786
15.4000	35.8387	306.339	1.31865	0.34627
15.3000	35.9259	306.271	1.31794	0.346764
15.2000	36.0469	306.306	1.3183	0.34542
15.1000	35.969	306.321	1.31847	0.347967
15.0000	36.1114	306.38	1.31909	0.345699
14.9000	36.1105	306.396	1.31925	0.34909
14.8000	36.2707	306.437	1.31969	0.34492
14.7000	36.19	306.374	1.31902	0.347172
14.6000	35.8595	306.364	1.31891	0.346095
14.5000	36.1057	306.39	1.31919	0.351824
14.4000	36.3061	306.364	1.31891	0.346163
14.3000	36.3622	306.405	1.31935	0.347996
14.2000	36.2918	306.417	1.31947	0.346255
14.1000	36.3602	306.291	1.31815	0.353214
14.0000	36.3845	306.366	1.31893	0.350777
13.9000	36.3181	306.347	1.31873	0.350852
13.8000	36.4396	306.336	1.31862	0.35191
13.7000	36.3993	306.373	1.31901	0.350711
13.6000	36.3343	306.411	1.3194	0.351366
13.5000	36.3543	306.348	1.31875	0.35088
13.4000	36.4562	306.371	1.31899	0.351523
13.3000	36.4888	306.419	1.31949	0.349758
13.2000	36.3248	306.376	1.31905	0.350984
13.1000	36.6175	306.334	1.3186	0.354185
13.0000	36.3736	306.338	1.31864	0.351734
12.9000	36.516	306.351	1.31878	0.352779
12.8000	36.5448	306.413	1.31943	0.353443
12.7000	36.6282	306.441	1.31972	0.350009
12.6000	36.6995	306.425	1.31955	0.351868
12.5000	36.6464	306.311	1.31836	0.353589
12.4000	36.5724	306.437	1.31969	0.354522
12.3000	36.8905	306.338	1.31864	0.35705
12.2000	36.4464	306.387	1.31915	0.353699
12.1000	36.6707	306.461	1.31993	0.352137
12.0000	36.7832	306.396	1.31925	0.355728
11.9000	36.8571	306.314	1.31839	0.354003
11.8000	36.683	306.352	1.31879	0.355793
11.7000	36.6096	306.452	1.31983	0.355819
11.6000	36.7318	306.424	1.31954	0.356099
11.5000	36.7068	306.481	1.32014	0.355155
11.4000	36.9951	306.42	1.3195	0.355363
11.3000	36.7695	306.369	1.31897	0.356214
11.2000	36.6065	306.325	1.31851	0.357203
11.1000	36.7387	306.32	1.31845	0.359353
11.0000	36.6004	306.389	1.31917	0.35367
10.9000	36.6279	306.399	1.31928	0.358082
10.8000	36.8213	306.481	1.32014	0.355246
10.7000	36.8033	306.536	1.32072	0.357613
10.6000	36.9043	306.366	1.31894	0.358609
10.5000	36.8091	306.482	1.32015	0.357103
10.4000	37.0768	306.354	1.31881	0.355577
10.3000	36.6935	306.354	1.31881	0.357108
10.2000	36.7889	306.363	1.3189	0.360201
10.1000	36.9151	306.363	1.31891	0.362181
10.0000	36.9608	306.34	1.31866	0.361734
9.9000	36.9598	306.437	1.31968	0.359615
9.8000	36.6227	306.371	1.31899	0.361472
9.7000	37.1026	306.397	1.31927	0.360098
9.6000	37.0583	306.413	1.31943	0.361618
9.5000	36.8393	306.393	1.31922	0.362821
9.4000	37.1591	306.38	1.31909	0.360804
9.3000	36.7048	306.363	1.3189	0.360796
9.2000	36.9679	306.497	1.32031	0.361799
9.1000	37.0863	306.375	1.31903	0.362918
9.0000	36.9501	306.516	1.32051	0.361923
8.9000	37.038	306.401	1.3193	0.360812
8.8000	37.0134	306.556	1.32093	0.360561
8.7000	36.8315	306.451	1.31982	0.3591
8.6000	37.1016	306.445	1.31976	0.360594
8.5000	37.2272	306.387	1.31916	0.362568
8.4000	37.092	306.391	1.31919	0.359998
8.3000	37.1571	306.42	1.31951	0.363503
8.2000	37.3089	306.389	1.31917	0.365303
8.1000	37.0769	306.412	1.31942	0.364213
8.0000	37.0342	306.392	1.31921	0.363872
7.9000	37.0205	306.422	1.31952	0.361594
7.8000	37.2753	306.454	1.31986	0.362596
7.7000	37.0053	306.424	1.31955	0.364743
7.6000	37.1774	306.404	1.31933	0.364641
7.5000	36.944	306.4	1.31929	0.365174
7.4000	37.3844	306.384	1.31912	0.36436
7.3000	37.0106	306.433	1.31964	0.366343
7.2000	37.2522	306.441	1.31973	0.367032
7.1000	37.1313	306.433	1.31964	0.365165
7.0000	36.963	306.478	1.32011	0.366937
6.9000	36.9387	306.407	1.31937	0.366082
6.8000	37.1615	306.405	1.31935	0.368204
6.7000	37.2659	306.535	1.32071	0.367004
6.6000	37.3445	306.505	1.3204	0.36834
6.5000	37.3522	306.413	1.31943	0.367957
6.4000	37.3444	306.379	1.31907	0.367128
6.3000	37.3955	306.422	1.31952	0.366959
6.2000	37.3473	306.531	1.32066	0.369175
6.1000	37.2556	306.498	1.32032	0.365375
6.0000	37.4181	306.49	1.32023	0.368912
5.9000	37.307	306.481	1.32015	0.368025
5.8000	37.4146	306.497	1.32031	0.369024
5.7000	37.241	306.449	1.31981	0.370854
5.6000	37.4856	306.451	1.31983	0.37015
5.5000	37.0635	306.476	1.32009	0.368648
5.4000	37.3741	306.502	1.32037	0.367123
5.3000	37.3677	306.428	1.31958	0.372001
5.2000	37.2201	306.427	1.31958	0.370894
5.1000	37.3246	306.462	1.31994	0.37378
5.0000	37.6737	306.459	1.31991	0.370903
4.9000	37.3578	306.465	1.31997	0.37086
4.8000	37.3259	306.474	1.32006	0.370124
4.7000	37.567	306.44	1.31971	0.372546
4.6000	37.3376	306.516	1.32051	0.370151
4.5000	37.3363	306.405	1.31934	0.375666
4.4000	37.621	306.44	1.31971	0.370517
4.3000	37.2946	306.449	1.31981	0.372238
4.2000	37.3157	306.46	1.31992	0.375299
4.1000	37.576	306.506	1.3204	0.374538
4.0000	37.5534	306.468	1.32	0.369403
3.9000	37.5598	306.527	1.32063	0.369479
3.8000	37.5164	306.501	1.32035	0.375865
3.7000	37.3867	306.532	1.32067	0.37223
3.6000	37.5344	306.409	1.31938	0.373824
3.5000	37.3711	306.507	1.32042	0.375579
3.4000	37.53	306.502	1.32036	0.377073
3.3000	37.5182	306.433	1.31964	0.378226
3.2000	37.3128	306.518	1.32053	0.375948
3.1000	37.5474	306.46	1.31992	0.378268
3.0000	37.728	306.483	1.32017	0.373715
2.9000	37.4372	306.493	1.32026	0.376598
2.8000	37.7082	306.525	1.3206	0.376028
2.7000	37.552	306.504	1.32039	0.377588
2.6000	37.2796	306.501	1.32035	0.375868
2.5000	37.5351	306.542	1.32078	0.376927
2.4000	37.4657	306.385	1.31913	0.377155
2.3000	37.7211	306.484	1.32018	0.375913
2.2000	37.6614	306.598	1.32137	0.380128
2.1000	37.8168	306.544	1.3208	0.377972
2.0000	37.5981	306.608	1.32147	0.377021
1.9000	37.3954	306.645	1.32186	0.375764
1.8000	37.3391	306.59	1.32128	0.379258
1.7000	37.6148	306.558	1.32095	0.3778
1.6000	37.8883	306.551	1.32087	0.377393
1.5000	37.7205	306.489	1.32022	0.381178
1.4000	37.7479	306.468	1.32001	0.380172
1.3000	37.5965	306.482	1.32015	0.379428
1.2000	37.6851	306.526	1.32062	0.377589
1.1000	37.6928	306.519	1.32054	0.379681
1.0000	37.6846	306.612	1.32151	0.380848
0.9000	37.8037	306.607	1.32146	0.382118
0.8000	37.5778	306.593	1.32131	0.380221
0.7000	37.6802	306.528	1.32063	0.383577
0.6000	37.7482	306.513	1.32047	0.379373
0.5000	37.5328	306.573	1.32111	0.383287
0.4000	37.624	306.566	1.32103	0.382683
0.3000	37.8028	306.53	1.32066	0.381864
0.2000	37.6818	306.588	1.32126	0.38101
0.1000	37.908	306.639	1.3218	0.385008
0.0000	37.4952	306.691	1.32234	0.381704
-0.1000	37.7613	306.556	1.32093	0.384469
-0.2000	37.8384	306.584	1.32123	0.385439
-0.3000	37.6455	306.488	1.32022	0.384313
-0.4000	37.7402	306.627	1.32167	0.381985
-0.5000	37.8814	306.549	1.32086	0.38129
-0.6000	37.741	306.519	1.32054	0.387504
-0.7000	37.4166	306.528	1.32064	0.38248
-0.8000	37.5962	306.525	1.32061	0.381386
-0.9000	37.7786	306.617	1.32157	0.384275
-1.0000	37.8216	306.555	1.32092	0.385347
-1.1000	37.8163	306.533	1.32069	0.385743
-1.2000	37.6352	306.525	1.3206	0.38588
-1.3000	37.7598	306.641	1.32182	0.386961
-1.4000	37.6704	306.635	1.32176	0.38178
-1.5000	37.7557	306.681	1.32224	0.383953
-1.6000	37.672	306.589	1.32127	0.386969
-1.7000	37.793	306.57	1.32108	0.387881
-1.8000	37.6545	306.639	1.3218	0.384867
-1.9000	37.7155	306.642	1.32183	0.384403
-2.0000	37.8406	306.642	1.32183	0.386099
-2.1000	37.9228	306.67	1.32212	0.387592
-2.2000	37.9031	306.585	1.32123	0.388014
-2.3000	37.8824	306.594	1.32133	0.388532
-2.4000	37.7269	306.593	1.32132	0.386936
-2.5000	37.5609	306.593	1.32132	0.389927
-2.6000	37.8734	306.672	1.32215	0.385928
-2.7000	37.6854	306.576	1.32114	0.388162
-2.8000	37.8889	306.651	1.32193	0.387519
-2.9000	37.6797	306.615	1.32155	0.387302
-3.0000	37.8421	306.594	1.32132	0.389923
-3.1000	37.9771	306.637	1.32177	0.388745
-3.2000	38.1864	306.667	1.32209	0.387859
-3.3000	37.9133	306.674	1.32216	0.392325
-3.4000	38.1067	306.645	1.32186	0.392187
-3.5000	38.0944	306.685	1.32228	0.388068
-3.6000	37.9243	306.721	1.32265	0.39266
-3.7000	38.3725	306.647	1.32189	0.393252
-3.8000	37.8893	306.657	1.32199	0.394215
-3.9000	38.013	306.737	1.32283	0.388142
-4.0000	38.1427	306.742	1.32288	0.393357
-4.1000	38.1442	306.812	1.32361	0.392015
-4.2000	38.1865	306.675	1.32217	0.392165
-4.3000	38.0458	306.69	1.32233	0.392348
-4.4000	37.9934	306.738	1.32284	0.390587
-4.5000	38.0278	306.781	1.32329	0.390631
-4.6000	38.13	306.669	1.32211	0.394756
-4.7000	38.2873	306.711	1.32255	0.394129
-4.8000	38.2674	306.804	1.32353	0.390677
-4.9000	38.1825	306.715	1.3226	0.393021
-5.0000	38.0421	306.719	1.32264	0.3936
