   9.5058070e+00   1.0304015e+01   1.0069351e+01   9.9540312e+00   9.8400317e+00   9.8400317e+00
   8.2786397e+00   9.3969409e+00   9.0777661e+00   8.9738021e+00   8.8710288e+00   8.7694324e+00
   6.9650055e+00   8.4715715e+00   8.1838277e+00   7.9058574e+00   7.8153147e+00   7.7258091e+00
   5.5318633e+00   7.6373285e+00   7.3779204e+00   7.0456970e+00   6.8852380e+00   6.7284334e+00
   4.1002129e+00   6.8852380e+00   6.6513753e+00   6.3518678e+00   6.1361215e+00   5.9277031e+00
   2.8689889e+00   6.2072101e+00   6.0658469e+00   5.7927054e+00   5.5318633e+00   5.3439690e+00
   2.0780636e+00   5.5959514e+00   5.5959514e+00   5.4058804e+00   5.1033332e+00   4.8735331e+00
   1.5761545e+00   4.9871097e+00   5.2222653e+00   5.0448868e+00   4.7625431e+00   4.4960011e+00
   1.2810137e+00   4.4445102e+00   4.8177185e+00   4.7625431e+00   4.5480886e+00   4.2935488e+00
   1.1285642e+00   3.8707391e+00   4.4960011e+00   4.4960011e+00   4.3432908e+00   4.0532548e+00
   1.0292153e+00   3.3710398e+00   4.1477150e+00   4.2443766e+00   4.1002129e+00   3.9155827e+00
   9.8287038e-01   2.8689889e+00   3.8264091e+00   4.0068345e+00   3.9155827e+00   3.7392663e+00
   9.6048646e-01   2.4699966e+00   3.4496012e+00   3.7392663e+00   3.6964420e+00   3.5299933e+00
   9.3861230e-01   2.1021385e+00   3.1459287e+00   3.4895658e+00   3.4496012e+00   3.3324326e+00
   9.2786275e-01   1.8307596e+00   2.8036504e+00   3.2192439e+00   3.2192439e+00   3.1459287e+00
   9.1723631e-01   1.6315722e+00   2.4986122e+00   2.9698627e+00   3.0042694e+00   2.9358500e+00
   8.9634714e-01   1.4879430e+00   2.2267622e+00   2.7398000e+00   2.8036504e+00   2.7715413e+00
   8.7593370e-01   1.3885812e+00   1.9844896e+00   2.5275593e+00   2.6164284e+00   2.5864635e+00
   8.6590198e-01   1.3260542e+00   1.7483215e+00   2.3317600e+00   2.4417087e+00   2.4137448e+00
   8.4618190e-01   1.2810137e+00   1.5761545e+00   2.1511284e+00   2.2786564e+00   2.2786564e+00
