   3.3362734e+01   3.4140245e+01   3.3749250e+01   3.3749250e+01   3.3749250e+01   3.3749250e+01
   3.0077319e+01   3.1134839e+01   3.0778264e+01   3.0425773e+01   3.0425773e+01   3.0425773e+01
   2.6804895e+01   2.8068817e+01   2.7747356e+01   2.7429577e+01   2.7429577e+01   2.7115437e+01
   2.3614926e+01   2.5597886e+01   2.5014919e+01   2.4728433e+01   2.4728433e+01   2.4445228e+01
   2.0330782e+01   2.3077119e+01   2.2812826e+01   2.2551560e+01   2.2293286e+01   2.2037970e+01
   1.7104743e+01   2.1289432e+01   2.1045613e+01   2.0566319e+01   2.0330782e+01   2.0097941e+01
   1.3123783e+01   1.9640230e+01   1.9415299e+01   1.9192943e+01   1.8755842e+01   1.8541039e+01
   8.4715715e+00   1.7911278e+01   1.7911278e+01   1.7706147e+01   1.7503365e+01   1.7302906e+01
   5.5318633e+00   1.6523767e+01   1.6715199e+01   1.6523767e+01   1.6334527e+01   1.5962524e+01
   4.2935488e+00   1.4725974e+01   1.5243740e+01   1.5243740e+01   1.5069160e+01   1.4725974e+01
   3.7392663e+00   1.2824901e+01   1.3901816e+01   1.3901816e+01   1.3742604e+01   1.3429630e+01
   1.3429630e+01   1.0789877e+01   1.2247403e+01   1.2532826e+01   1.2389293e+01   1.2107139e+01
   1.5420343e+01   8.9738021e+00   1.0789877e+01   1.1041333e+01   1.1041333e+01   1.0914881e+01
   1.3901816e+01   7.4633957e+00   9.5058070e+00   9.8400317e+00   9.8400317e+00   9.7273378e+00
   3.3710398e+00   6.3518678e+00   8.3745500e+00   8.8710288e+00   8.8710288e+00   8.7694324e+00
   3.4100943e+00   5.5318633e+00   7.3779204e+00   7.9974489e+00   8.0901016e+00   7.9974489e+00
   3.4496012e+00   5.0448868e+00   6.6513753e+00   7.2934241e+00   7.3779204e+00   7.3779204e+00
   3.4895658e+00   4.7079996e+00   5.9963772e+00   6.7284334e+00   6.8852380e+00   6.8063842e+00
   3.5299933e+00   4.4960011e+00   5.4058804e+00   6.2791224e+00   6.4254560e+00   6.4254560e+00
   3.5299933e+00   4.3936091e+00   4.9871097e+00   5.8598155e+00   5.9963772e+00   5.9963772e+00
