   4.0022218e-01   5.2827667e+00   1.1416389e+00   8.7694324e+00   9.6159345e+00   9.8400317e+00
   6.4924140e-01   6.3518678e+00   1.4209418e+00   8.8710288e+00   9.8400317e+00   1.0069351e+01
   1.9392948e+00   8.2786397e+00   1.9844896e+00   9.2893215e+00   1.0304015e+01   1.0544148e+01
   1.0544148e+01   1.2824901e+01   3.2942676e+00   1.0304015e+01   1.1429547e+01   1.1695910e+01
   2.2293286e+01   5.2282841e+01   7.9974489e+00   1.4557324e+01   1.5779711e+01   1.6147454e+01
   3.5340618e+01   4.2006032e+01   5.9345350e+01   6.5073880e+01   6.6590413e+01   6.7361881e+01
   2.5304724e+01   2.2037970e+01   3.4140245e+01   3.9200955e+01   4.1524953e+01   4.2006032e+01
   1.8328696e+01   1.0186008e+01   1.6908849e+01   2.1289432e+01   2.3344474e+01   2.4445228e+01
   1.3742604e+01   6.2072101e+00   9.3969409e+00   1.2532826e+01   1.4896579e+01   1.5962524e+01
   1.0666305e+01   4.8735331e+00   6.0658469e+00   7.9974489e+00   9.9540312e+00   1.1298649e+01
   8.3745500e+00   4.5480886e+00   4.4960011e+00   5.5318633e+00   6.9650055e+00   8.3745500e+00
   6.6513753e+00   4.7079996e+00   3.7825867e+00   4.2443766e+00   5.1033332e+00   6.2791224e+00
   5.3439690e+00   5.1033332e+00   3.5299933e+00   3.6122591e+00   4.1002129e+00   4.8735331e+00
   4.2935488e+00   5.6607821e+00   3.5299933e+00   3.3324326e+00   3.5299933e+00   4.0068345e+00
   3.4496012e+00   6.2791224e+00   3.6964420e+00   3.2192439e+00   3.2565397e+00   3.4895658e+00
   2.8036504e+00   6.8852380e+00   3.9609458e+00   3.2192439e+00   3.1098996e+00   3.2192439e+00
   2.2786564e+00   7.4633957e+00   4.3432908e+00   3.2565397e+00   3.0742832e+00   3.0742832e+00
   1.8734250e+00   8.0901016e+00   4.7625431e+00   3.3710398e+00   3.0742832e+00   3.0390747e+00
   1.5402591e+00   8.6689996e+00   5.3439690e+00   3.4895658e+00   3.1098996e+00   3.0390747e+00
   1.2663428e+00   9.1829346e+00   5.9277031e+00   3.6122591e+00   3.1823752e+00   3.0390747e+00
