   3.8662831e-01   2.8689889e+00   8.0807883e-01   4.6540808e+00   5.1033332e+00   5.2222653e+00
   6.2718938e-01   3.4496012e+00   9.8287038e-01   4.7625431e+00   5.2222653e+00   5.3439690e+00
   1.8951292e+00   4.5480886e+00   1.3260542e+00   5.0448868e+00   5.5318633e+00   5.6607821e+00
   1.0544148e+01   7.0456970e+00   2.1760498e+00   5.7263639e+00   6.2791224e+00   6.4254560e+00
   2.2293286e+01   3.1495545e+01   5.2827667e+00   8.5697171e+00   9.1829346e+00   9.3969409e+00
   3.4935876e+01   3.9655109e+01   4.7134257e+01   4.9928575e+01   5.1092150e+01   5.1092150e+01
   2.4728433e+01   1.9415299e+01   2.6194439e+01   2.9055718e+01   3.0077319e+01   3.0425773e+01
   1.7911278e+01   8.3745500e+00   1.2678023e+01   1.5069160e+01   1.6147454e+01   1.6715199e+01
   1.3429630e+01   4.6540808e+00   6.9650055e+00   8.7694324e+00   9.9540312e+00   1.0544148e+01
   1.0304015e+01   3.2565397e+00   4.2935488e+00   5.5318633e+00   6.5751998e+00   7.2934241e+00
   8.0901016e+00   2.7715413e+00   3.0042694e+00   3.7392663e+00   4.6007795e+00   5.3439690e+00
   6.3518678e+00   2.6467405e+00   2.3861011e+00   2.7715413e+00   3.3710398e+00   4.0068345e+00
   5.0448868e+00   2.7084222e+00   2.0780636e+00   2.2267622e+00   2.5864635e+00   3.1098996e+00
   4.0068345e+00   2.9022269e+00   1.9617620e+00   1.9392948e+00   2.1511284e+00   2.4986122e+00
   3.2192439e+00   3.1098996e+00   1.9844896e+00   1.8097926e+00   1.8951292e+00   2.1021385e+00
   2.5864635e+00   3.3324326e+00   2.0780636e+00   1.7483215e+00   1.7483215e+00   1.8734250e+00
   2.0780636e+00   3.5708893e+00   2.2267622e+00   1.7282987e+00   1.6889384e+00   1.7282987e+00
   1.6889384e+00   3.7825867e+00   2.4137448e+00   1.7483215e+00   1.6504744e+00   1.6695957e+00
   1.3726784e+00   4.0068345e+00   2.6467405e+00   1.7890658e+00   1.6504744e+00   1.6315722e+00
   1.1156392e+00   4.1957674e+00   2.9358500e+00   1.8519694e+00   1.6504744e+00   1.6128865e+00
