   4.1429401e-01   1.9192943e+01   3.0742832e+00   3.1860429e+01   3.4935876e+01   3.6164223e+01
   6.6437182e-01   2.2812826e+01   3.9609458e+00   3.2229541e+01   3.5750049e+01   3.6583196e+01
   1.9170848e+00   2.9392337e+01   5.5959514e+00   3.3362734e+01   3.7007022e+01   3.7869463e+01
   1.0186008e+01   4.5011829e+01   9.2893215e+00   3.6164223e+01   4.0114525e+01   4.1524953e+01
   2.2551560e+01   1.6734464e+02   2.1785578e+01   4.6594448e+01   5.1684067e+01   5.2888552e+01
   3.7435759e+01   5.1092150e+01   1.1442720e+02   1.3600873e+02   1.4242190e+02   1.4407190e+02
   2.7429577e+01   3.3749250e+01   6.2143641e+01   8.0994257e+01   8.8812529e+01   9.0882285e+01
   2.0097941e+01   1.9192943e+01   3.1495545e+01   4.5011829e+01   5.3501281e+01   5.6673063e+01
   1.5420343e+01   1.4557324e+01   1.8755842e+01   2.6497909e+01   3.4535769e+01   3.9200955e+01
   1.2247403e+01   1.3901816e+01   1.3901816e+01   1.7104743e+01   2.3077119e+01   2.8394002e+01
   9.7273378e+00   1.5069160e+01   1.2107139e+01   1.3123783e+01   1.5962524e+01   2.0566319e+01
   7.9058574e+00   1.7302906e+01   1.1561961e+01   1.1561961e+01   1.2532826e+01   1.5243740e+01
   6.4254560e+00   1.9867768e+01   1.1831410e+01   1.1041333e+01   1.1169250e+01   1.2247403e+01
   5.2827667e+00   2.3077119e+01   1.2678023e+01   1.1041333e+01   1.0666305e+01   1.1041333e+01
   4.3936091e+00   2.6497909e+01   1.3742604e+01   1.1298649e+01   1.0666305e+01   1.0544148e+01
   3.6541081e+00   3.0425773e+01   1.5243740e+01   1.1695910e+01   1.0789877e+01   1.0544148e+01
   3.0390747e+00   3.4140245e+01   1.6908849e+01   1.2247403e+01   1.1169250e+01   1.0666305e+01
   2.5568418e+00   3.8308191e+01   1.8973134e+01   1.2824901e+01   1.1429547e+01   1.0914881e+01
   2.1760498e+00   4.2492683e+01   2.1289432e+01   1.3429630e+01   1.1831410e+01   1.1169250e+01
   1.8734250e+00   4.7134257e+01   2.3888512e+01   1.4225795e+01   1.2247403e+01   1.1429547e+01
