   4.0954927e-01   1.0069351e+01   1.7685763e+00   1.6715199e+01   1.8328696e+01   1.8755842e+01
   6.6437182e-01   1.1968481e+01   2.2786564e+00   1.6908849e+01   1.8541039e+01   1.9192943e+01
   1.9392948e+00   1.5598992e+01   3.2192439e+00   1.7503365e+01   1.9415299e+01   1.9867768e+01
   1.0423390e+01   2.3888512e+01   5.3439690e+00   1.9192943e+01   2.1289432e+01   2.1785578e+01
   2.2293286e+01   9.0882285e+01   1.2973481e+01   2.5597886e+01   2.8068817e+01   2.8722955e+01
   3.6164223e+01   4.5011829e+01   8.0066663e+01   9.0882285e+01   9.4077711e+01   9.5167628e+01
   2.5894445e+01   2.6497909e+01   4.5533304e+01   5.6024010e+01   5.9345350e+01   6.0728380e+01
   1.8973134e+01   1.3429630e+01   2.2812826e+01   3.0778264e+01   3.4935876e+01   3.6583196e+01
   1.4390605e+01   9.1829346e+00   1.3123783e+01   1.8328696e+01   2.2551560e+01   2.4728433e+01
   1.1298649e+01   7.9974489e+00   8.8710288e+00   1.1695910e+01   1.5243740e+01   1.7911278e+01
   8.9738021e+00   8.0901016e+00   7.1273234e+00   8.3745500e+00   1.0544148e+01   1.3123783e+01
   7.1273234e+00   8.8710288e+00   6.4998967e+00   6.8063842e+00   7.9058574e+00   9.8400317e+00
   5.7927054e+00   1.0069351e+01   6.3518678e+00   6.1361215e+00   6.6513753e+00   7.7258091e+00
   4.7079996e+00   1.1429547e+01   6.5751998e+00   5.9277031e+00   6.0658469e+00   6.4998967e+00
   3.8264091e+00   1.2824901e+01   7.0456970e+00   5.9277031e+00   5.7927054e+00   5.9963772e+00
   3.1459287e+00   1.4390605e+01   7.7258091e+00   6.0658469e+00   5.7263639e+00   5.7263639e+00
   2.5864635e+00   1.5962524e+01   8.5697171e+00   6.2791224e+00   5.7927054e+00   5.6607821e+00
   2.1511284e+00   1.7706147e+01   9.5058070e+00   6.5751998e+00   5.9277031e+00   5.6607821e+00
   1.7890658e+00   1.9192943e+01   1.0666305e+01   6.8063842e+00   6.0658469e+00   5.7927054e+00
   1.5051812e+00   2.0804586e+01   1.1968481e+01   7.1273234e+00   6.2072101e+00   5.8598155e+00
