   2.8328665e-01   3.8220041e-01   2.8988859e-01   5.0974582e-01   5.4622137e-01   5.5254949e-01
   4.8121723e-01   4.4393937e-01   3.2904753e-01   5.5254949e-01   5.8530696e-01   5.9208791e-01
   1.7483215e+00   5.4622137e-01   4.1429401e-01   6.3445555e-01   6.7206876e-01   6.7985486e-01
   1.0666305e+01   7.4548038e-01   6.4924140e-01   8.6590198e-01   9.0673157e-01   9.1723631e-01
   2.2293286e+01   6.4180590e-01   1.9617620e+00   2.1511284e+00   2.2012600e+00   2.2267622e+00
   3.4535769e+01   3.6164223e+01   3.3362734e+01   3.3362734e+01   3.3362734e+01   3.3362734e+01
   2.4445228e+01   1.5069160e+01   1.5420343e+01   1.5598992e+01   1.5598992e+01   1.5779711e+01
   1.7503365e+01   5.9277031e+00   6.2791224e+00   6.4254560e+00   6.4998967e+00   6.4998967e+00
   1.2973481e+01   2.8689889e+00   3.0390747e+00   3.1459287e+00   3.2565397e+00   3.2942676e+00
   9.9540312e+00   1.6128865e+00   1.6695957e+00   1.7685763e+00   1.8519694e+00   1.8951292e+00
   7.6373285e+00   1.0292153e+00   1.0292153e+00   1.1028622e+00   1.1682446e+00   1.2093201e+00
   5.9963772e+00   7.2850278e-01   6.9569873e-01   7.3694269e-01   7.8967561e-01   8.4618190e-01
   4.6540808e+00   5.5895093e-01   5.0974582e-01   5.3378170e-01   5.7860368e-01   6.2000644e-01
   3.6541081e+00   4.5428528e-01   3.9563859e-01   4.0954927e-01   4.4393937e-01   4.8121723e-01
   2.8689889e+00   3.8662831e-01   3.2904753e-01   3.3671591e-01   3.6081006e-01   3.9110750e-01
   2.2525598e+00   3.4061685e-01   2.8988859e-01   2.8656861e-01   3.0355761e-01   3.2904753e-01
   1.7890658e+00   3.1063195e-01   2.6743214e-01   2.5246495e-01   2.6436935e-01   2.8656861e-01
   1.4046683e+00   2.8656861e-01   2.5246495e-01   2.3024017e-01   2.3833542e-01   2.5538983e-01
   1.1156392e+00   2.7053042e-01   2.4957357e-01   2.1486520e-01   2.1987259e-01   2.3290756e-01
   8.7593370e-01   2.5834859e-01   2.4957357e-01   2.0518995e-01   2.0518995e-01   2.1486520e-01
