   3.3671591e-01   9.4948639e-01   4.7025797e-01   1.4209418e+00   1.5226192e+00   1.5761545e+00
   5.4622137e-01   1.1285642e+00   5.4622137e-01   1.4879430e+00   1.5944147e+00   1.6504744e+00
   1.7890658e+00   1.4709022e+00   7.0375859e-01   1.6128865e+00   1.7483215e+00   1.7890658e+00
   1.0666305e+01   2.2267622e+00   1.0777456e+00   1.9617620e+00   2.1264924e+00   2.1511284e+00
   2.2293286e+01   6.5751998e+00   2.7715413e+00   3.5708893e+00   3.7825867e+00   3.8264091e+00
   3.4935876e+01   3.7007022e+01   3.6583196e+01   3.7007022e+01   3.7435759e+01   3.7435759e+01
   2.4445228e+01   1.6334527e+01   1.8118785e+01   1.8973134e+01   1.9192943e+01   1.9192943e+01
   1.7503365e+01   6.6513753e+00   7.9974489e+00   8.6689996e+00   8.9738021e+00   9.0777661e+00
   1.3123783e+01   3.2942676e+00   4.1957674e+00   4.7079996e+00   4.9871097e+00   5.1624568e+00
   1.0069351e+01   1.9617620e+00   2.4417087e+00   2.8361315e+00   3.1098996e+00   3.2942676e+00
   7.7258091e+00   1.3885812e+00   1.5944147e+00   1.8519694e+00   2.1021385e+00   2.3050553e+00
   6.0658469e+00   1.1156392e+00   1.1285642e+00   1.3108674e+00   1.5051812e+00   1.6889384e+00
   4.7625431e+00   9.8287038e-01   8.8608164e-01   9.8287038e-01   1.1285642e+00   1.2958546e+00
   3.7392663e+00   9.1723631e-01   7.5411698e-01   7.9882422e-01   8.9634714e-01   1.0292153e+00
   2.9698627e+00   8.9634714e-01   6.8773117e-01   6.7985486e-01   7.4548038e-01   8.4618190e-01
   2.3587741e+00   8.8608164e-01   6.5676304e-01   6.1290575e-01   6.4924140e-01   7.2015953e-01
   1.8734250e+00   8.9634714e-01   6.5676304e-01   5.7197716e-01   5.8530696e-01   6.3445555e-01
   1.4879430e+00   9.0673157e-01   6.7985486e-01   5.5254949e-01   5.4622137e-01   5.7860368e-01
   1.1817790e+00   9.1723631e-01   7.1191184e-01   5.3996571e-01   5.2162534e-01   5.3996571e-01
   9.4948639e-01   9.3861230e-01   7.6285364e-01   5.3378170e-01   5.0390791e-01   5.1565137e-01
