   3.6081006e-01   1.6128865e+00   6.0588639e-01   2.5275593e+00   2.7398000e+00   2.8036504e+00
   5.9208791e-01   1.9392948e+00   7.2015953e-01   2.6164284e+00   2.8361315e+00   2.9358500e+00
   1.8519694e+00   2.5275593e+00   9.4948639e-01   2.8036504e+00   3.0390747e+00   3.1459287e+00
   1.0544148e+01   3.9609458e+00   1.5051812e+00   3.2565397e+00   3.5708893e+00   3.6541081e+00
   2.2293286e+01   1.7706147e+01   3.6964420e+00   5.3439690e+00   5.6607821e+00   5.7927054e+00
   3.4935876e+01   3.7869463e+01   4.0114525e+01   4.1524953e+01   4.2006032e+01   4.2006032e+01
   2.4445228e+01   1.7503365e+01   2.1289432e+01   2.2551560e+01   2.3077119e+01   2.3344474e+01
   1.7706147e+01   7.2934241e+00   9.8400317e+00   1.1169250e+01   1.1695910e+01   1.1968481e+01
   1.3275825e+01   3.7825867e+00   5.2827667e+00   6.2791224e+00   6.8852380e+00   7.1273234e+00
   1.0186008e+01   2.4137448e+00   3.1823752e+00   3.8707391e+00   4.4445102e+00   4.8177185e+00
   7.9058574e+00   1.8519694e+00   2.1264924e+00   2.5864635e+00   3.0742832e+00   3.4496012e+00
   6.1361215e+00   1.6315722e+00   1.5944147e+00   1.8734250e+00   2.2267622e+00   2.5864635e+00
   4.8735331e+00   1.5581035e+00   1.3108674e+00   1.4540565e+00   1.6889384e+00   1.9844896e+00
   3.8264091e+00   1.5581035e+00   1.1682446e+00   1.2093201e+00   1.3569576e+00   1.5944147e+00
   3.0742832e+00   1.5944147e+00   1.1285642e+00   1.0777456e+00   1.1548651e+00   1.3108674e+00
   2.4417087e+00   1.6695957e+00   1.1285642e+00   1.0057760e+00   1.0411391e+00   1.1416389e+00
   1.9392948e+00   1.7282987e+00   1.1682446e+00   9.7161396e-01   9.7161396e-01   1.0292153e+00
   1.5581035e+00   1.8097926e+00   1.2518399e+00   9.6048646e-01   9.2786275e-01   9.4948639e-01
   1.2518399e+00   1.8734250e+00   1.3414169e+00   9.6048646e-01   8.9634714e-01   9.0673157e-01
   1.0174282e+00   1.9392948e+00   1.4709022e+00   9.7161396e-01   8.8608164e-01   8.8608164e-01
