   3.0707441e-01   5.8530696e-01   3.6921866e-01   8.2691092e-01   8.8608164e-01   9.0673157e-01
   5.0974582e-01   6.8773117e-01   4.1909372e-01   8.7593370e-01   9.3861230e-01   9.6048646e-01
   1.7685763e+00   8.7593370e-01   5.2766851e-01   9.8287038e-01   1.0532010e+00   1.0654026e+00
   1.0666305e+01   1.2663428e+00   8.1744065e-01   1.2518399e+00   1.3260542e+00   1.3569576e+00
   2.2293286e+01   1.8519694e+00   2.2525598e+00   2.6467405e+00   2.7398000e+00   2.7715413e+00
   3.4535769e+01   3.6583196e+01   3.4535769e+01   3.4535769e+01   3.4935876e+01   3.4935876e+01
   2.4445228e+01   1.5598992e+01   1.6334527e+01   1.6715199e+01   1.6908849e+01   1.6908849e+01
   1.7503365e+01   6.2072101e+00   6.8852380e+00   7.2098954e+00   7.3779204e+00   7.4633957e+00
   1.2973481e+01   3.0042694e+00   3.4496012e+00   3.7392663e+00   3.8707391e+00   3.9609458e+00
   9.9540312e+00   1.7282987e+00   1.9617620e+00   2.1760498e+00   2.3050553e+00   2.4137448e+00
   7.7258091e+00   1.1548651e+00   1.2518399e+00   1.3885812e+00   1.5226192e+00   1.6128865e+00
   5.9963772e+00   8.5598516e-01   8.6590198e-01   9.6048646e-01   1.0654026e+00   1.1548651e+00
   4.7079996e+00   6.9569873e-01   6.4924140e-01   7.0375859e-01   7.8967561e-01   8.7593370e-01
   3.6964420e+00   6.0588639e-01   5.2766851e-01   5.5254949e-01   6.1290575e-01   6.8773117e-01
   2.9022269e+00   5.5254949e-01   4.5428528e-01   4.5954830e-01   5.0390791e-01   5.6542654e-01
   2.3050553e+00   5.1565137e-01   4.1909372e-01   4.0485886e-01   4.3382908e-01   4.7570604e-01
   1.8097926e+00   4.9813685e-01   4.0022218e-01   3.6499015e-01   3.8220041e-01   4.1429401e-01
   1.4374038e+00   4.8679227e-01   3.9563859e-01   3.4061685e-01   3.4855485e-01   3.7349616e-01
   1.1416389e+00   4.7570604e-01   4.0485886e-01   3.2527908e-01   3.2527908e-01   3.4456300e-01
   9.0673157e-01   4.7570604e-01   4.1909372e-01   3.1787116e-01   3.0707441e-01   3.2155379e-01
