   3.0042694e+00   1.0914881e+01   1.0186008e+01   1.5069160e+01   1.5779711e+01   1.6147454e+01
   3.6122591e+00   1.2389293e+01   1.0544148e+01   1.5779711e+01   1.6523767e+01   1.6715199e+01
   7.2098954e+00   1.5069160e+01   1.1298649e+01   1.6908849e+01   1.7706147e+01   1.8118785e+01
   3.8308191e+01   2.1785578e+01   1.3742604e+01   2.0097941e+01   2.1045613e+01   2.1289432e+01
   9.9655036e+01   7.1355378e+01   2.7115437e+01   3.3749250e+01   3.4935876e+01   3.5340618e+01
   2.3103716e+02   1.6542811e+02   1.8139667e+02   1.8562408e+02   1.8777459e+02   1.8777459e+02
   1.2261519e+02   6.7361881e+01   8.3842020e+01   8.8812529e+01   9.0882285e+01   9.1935182e+01
   8.0066663e+01   3.1134839e+01   4.2492683e+01   4.7680321e+01   4.9928575e+01   5.0507012e+01
   5.8665691e+01   2.0097941e+01   2.5894445e+01   3.0077319e+01   3.2229541e+01   3.3362734e+01
   4.4496327e+01   1.6908849e+01   1.8541039e+01   2.1289432e+01   2.3614926e+01   2.4728433e+01
   3.5340618e+01   1.7302906e+01   1.5420343e+01   1.6908849e+01   1.8541039e+01   2.0097941e+01
   2.8722955e+01   2.0097941e+01   1.4225795e+01   1.4725974e+01   1.5779711e+01   1.7104743e+01
   2.3614926e+01   2.5014919e+01   1.4062872e+01   1.3742604e+01   1.4225795e+01   1.5243740e+01
   1.9640230e+01   3.2229541e+01   1.4557324e+01   1.3585216e+01   1.3429630e+01   1.3901816e+01
   1.6715199e+01   4.1524953e+01   1.5243740e+01   1.3585216e+01   1.3275825e+01   1.3275825e+01
   1.4390605e+01   5.2888552e+01   1.6147454e+01   1.3901816e+01   1.3429630e+01   1.3123783e+01
   1.2678023e+01   6.5827779e+01   1.7302906e+01   1.4390605e+01   1.3585216e+01   1.3275825e+01
   1.1169250e+01   8.0994257e+01   1.8541039e+01   1.4896579e+01   1.3901816e+01   1.3429630e+01
   1.0186008e+01   9.7385489e+01   2.0097941e+01   1.5243740e+01   1.4225795e+01   1.3742604e+01
   9.2893215e+00   1.1709390e+02   2.1785578e+01   1.5779711e+01   1.4725974e+01   1.4062872e+01
