   1.3885812e+00   3.1823752e+00   2.9698627e+00   4.2935488e+00   4.4960011e+00   4.5480886e+00
   2.1021385e+00   3.6964420e+00   3.1459287e+00   4.5480886e+00   4.7625431e+00   4.8177185e+00
   6.2072101e+00   4.7079996e+00   3.5708893e+00   5.1033332e+00   5.3439690e+00   5.4058804e+00
   3.8308191e+01   7.2934241e+00   5.1033332e+00   6.7284334e+00   7.0456970e+00   7.1273234e+00
   9.9655036e+01   2.7747356e+01   1.3901816e+01   1.5420343e+01   1.5779711e+01   1.5962524e+01
   2.2839119e+02   1.4913748e+02   1.4913748e+02   1.5086528e+02   1.5086528e+02   1.5261309e+02
   1.2121093e+02   5.4748117e+01   5.8665691e+01   6.0728380e+01   6.0728380e+01   6.1431935e+01
   7.7347133e+01   2.2551560e+01   2.6497909e+01   2.7747356e+01   2.8394002e+01   2.8394002e+01
   5.4748117e+01   1.1695910e+01   1.4390605e+01   1.5598992e+01   1.6147454e+01   1.6334527e+01
   4.1049385e+01   7.7258091e+00   9.0777661e+00   9.9540312e+00   1.0544148e+01   1.0914881e+01
   3.1495545e+01   6.2072101e+00   6.5751998e+00   7.2098954e+00   7.7258091e+00   8.0901016e+00
   2.4445228e+01   5.8598155e+00   5.3439690e+00   5.7263639e+00   6.1361215e+00   6.4998967e+00
   1.9415299e+01   6.1361215e+00   4.7625431e+00   4.9299944e+00   5.2222653e+00   5.5318633e+00
   1.5420343e+01   6.8852380e+00   4.5480886e+00   4.5480886e+00   4.7079996e+00   4.9299944e+00
   1.2389293e+01   8.0901016e+00   4.4960011e+00   4.3432908e+00   4.3936091e+00   4.5480886e+00
   1.0069351e+01   9.6159345e+00   4.6007795e+00   4.2443766e+00   4.2443766e+00   4.2935488e+00
   8.2786397e+00   1.1429547e+01   4.7625431e+00   4.2443766e+00   4.1957674e+00   4.1957674e+00
   6.8063842e+00   1.3275825e+01   4.9871097e+00   4.2935488e+00   4.1477150e+00   4.1477150e+00
   5.6607821e+00   1.5243740e+01   5.2827667e+00   4.3432908e+00   4.1957674e+00   4.1477150e+00
   4.8177185e+00   1.7302906e+01   5.6607821e+00   4.4445102e+00   4.2443766e+00   4.1477150e+00
