   1.9170848e+00   5.7927054e+00   5.4685090e+00   7.9974489e+00   8.3745500e+00   8.4715715e+00
   2.6164284e+00   6.6513753e+00   5.6607821e+00   8.3745500e+00   8.7694324e+00   8.8710288e+00
   6.4998967e+00   8.1838277e+00   6.1361215e+00   9.1829346e+00   9.6159345e+00   9.7273378e+00
   3.8308191e+01   1.2247403e+01   7.9974489e+00   1.1298649e+01   1.1695910e+01   1.1968481e+01
   9.9655036e+01   4.5011829e+01   1.8328696e+01   2.1536076e+01   2.2037970e+01   2.2293286e+01
   2.2839119e+02   1.5438116e+02   1.5980921e+02   1.6353353e+02   1.6353353e+02   1.6353353e+02
   1.2121093e+02   5.9345350e+01   6.8142287e+01   7.0538174e+01   7.2182050e+01   7.2182050e+01
   7.8243222e+01   2.5597886e+01   3.2602930e+01   3.5340618e+01   3.6164223e+01   3.6583196e+01
   5.6024010e+01   1.4557324e+01   1.8541039e+01   2.1045613e+01   2.2037970e+01   2.2551560e+01
   4.2006032e+01   1.0789877e+01   1.2532826e+01   1.4225795e+01   1.5420343e+01   1.5962524e+01
   3.2602930e+01   9.8400317e+00   9.7273378e+00   1.0666305e+01   1.1695910e+01   1.2532826e+01
   2.5894445e+01   1.0423390e+01   8.4715715e+00   8.9738021e+00   9.6159345e+00   1.0423390e+01
   2.0804586e+01   1.2107139e+01   7.9974489e+00   8.0901016e+00   8.4715715e+00   9.0777661e+00
   1.6908849e+01   1.4896579e+01   7.9058574e+00   7.6373285e+00   7.8153147e+00   8.1838277e+00
   1.3901816e+01   1.8541039e+01   8.0901016e+00   7.5498612e+00   7.4633957e+00   7.6373285e+00
   1.1561961e+01   2.3077119e+01   8.4715715e+00   7.5498612e+00   7.3779204e+00   7.3779204e+00
   9.7273378e+00   2.8068817e+01   8.9738021e+00   7.7258091e+00   7.3779204e+00   7.2934241e+00
   8.2786397e+00   3.3749250e+01   9.5058070e+00   7.9058574e+00   7.4633957e+00   7.2934241e+00
   7.2098954e+00   4.0114525e+01   1.0186008e+01   8.0901016e+00   7.6373285e+00   7.3779204e+00
   6.3518678e+00   4.6594448e+01   1.1041333e+01   8.2786397e+00   7.7258091e+00   7.5498612e+00
