   9.7161396e-01   8.5598516e-01   7.9882422e-01   1.0057760e+00   1.0292153e+00   1.0411391e+00
   1.7282987e+00   1.0411391e+00   9.8287038e-01   1.1954702e+00   1.2233304e+00   1.2375030e+00
   6.1361215e+00   1.4374038e+00   1.4209418e+00   1.6315722e+00   1.6695957e+00   1.6695957e+00
   3.8308191e+01   2.2525598e+00   2.7398000e+00   2.9358500e+00   2.9698627e+00   3.0042694e+00
   9.9655036e+01   2.5304724e+01   1.0304015e+01   1.0423390e+01   1.0423390e+01   1.0423390e+01
   2.2839119e+02   1.4574102e+02   1.4079080e+02   1.4079080e+02   1.4079080e+02   1.4079080e+02
   1.1982275e+02   5.0507012e+01   5.0507012e+01   5.0507012e+01   5.0507012e+01   5.0507012e+01
   7.6461308e+01   1.9415299e+01   1.9640230e+01   1.9867768e+01   1.9867768e+01   1.9867768e+01
   5.3501281e+01   9.1829346e+00   9.5058070e+00   9.6159345e+00   9.6159345e+00   9.7273378e+00
   3.9655109e+01   5.1033332e+00   5.2827667e+00   5.3439690e+00   5.4685090e+00   5.4685090e+00
   3.0425773e+01   3.1823752e+00   3.2942676e+00   3.3710398e+00   3.4100943e+00   3.4895658e+00
   2.3344474e+01   2.2267622e+00   2.2525598e+00   2.3050553e+00   2.3861011e+00   2.4137448e+00
   1.8118785e+01   1.7085052e+00   1.6889384e+00   1.7282987e+00   1.7890658e+00   1.8307596e+00
   1.4225795e+01   1.4046683e+00   1.3726784e+00   1.3885812e+00   1.4374038e+00   1.4709022e+00
   1.1169250e+01   1.2233304e+00   1.1817790e+00   1.1954702e+00   1.2233304e+00   1.2518399e+00
   8.7694324e+00   1.1156392e+00   1.0654026e+00   1.0654026e+00   1.0902316e+00   1.1156392e+00
   6.8852380e+00   1.0532010e+00   1.0057760e+00   9.9425721e-01   1.0057760e+00   1.0292153e+00
   5.4685090e+00   1.0292153e+00   9.7161396e-01   9.4948639e-01   9.4948639e-01   9.7161396e-01
   4.3432908e+00   1.0057760e+00   9.6048646e-01   9.1723631e-01   9.1723631e-01   9.2786275e-01
   3.4496012e+00   1.0057760e+00   9.6048646e-01   8.9634714e-01   8.9634714e-01   9.0673157e-01
