   1.0174282e+00   1.1817790e+00   1.0902316e+00   1.4709022e+00   1.5226192e+00   1.5402591e+00
   1.7685763e+00   1.4209418e+00   1.2663428e+00   1.6504744e+00   1.7085052e+00   1.7282987e+00
   6.1361215e+00   1.9170848e+00   1.6889384e+00   2.1021385e+00   2.1511284e+00   2.1760498e+00
   3.8308191e+01   3.1459287e+00   3.0390747e+00   3.4496012e+00   3.5299933e+00   3.5708893e+00
   9.9655036e+01   2.3614926e+01   1.0789877e+01   1.1041333e+01   1.1169250e+01   1.1169250e+01
   2.2839119e+02   1.4574102e+02   1.4242190e+02   1.4242190e+02   1.4242190e+02   1.4242190e+02
   1.1982275e+02   5.1092150e+01   5.1684067e+01   5.2282841e+01   5.2282841e+01   5.2282841e+01
   7.6461308e+01   1.9867768e+01   2.0804586e+01   2.1045613e+01   2.1289432e+01   2.1289432e+01
   5.4121109e+01   9.6159345e+00   1.0304015e+01   1.0544148e+01   1.0666305e+01   1.0789877e+01
   4.0114525e+01   5.4685090e+00   5.9277031e+00   6.1361215e+00   6.2791224e+00   6.3518678e+00
   3.0425773e+01   3.6122591e+00   3.8264091e+00   4.0068345e+00   4.1477150e+00   4.2443766e+00
   2.3614926e+01   2.7084222e+00   2.7715413e+00   2.9022269e+00   3.0042694e+00   3.1098996e+00
   1.8328696e+01   2.2525598e+00   2.1760498e+00   2.2786564e+00   2.3587741e+00   2.4417087e+00
   1.4390605e+01   2.0542643e+00   1.8734250e+00   1.9170848e+00   1.9844896e+00   2.0542643e+00
   1.1298649e+01   1.9617620e+00   1.6889384e+00   1.7085052e+00   1.7483215e+00   1.8097926e+00
   8.9738021e+00   1.9617620e+00   1.6128865e+00   1.5944147e+00   1.6128865e+00   1.6504744e+00
   7.1273234e+00   2.0074805e+00   1.5761545e+00   1.5226192e+00   1.5226192e+00   1.5581035e+00
   5.6607821e+00   2.0780636e+00   1.5761545e+00   1.4709022e+00   1.4709022e+00   1.4879430e+00
   4.5480886e+00   2.1760498e+00   1.5944147e+00   1.4540565e+00   1.4374038e+00   1.4540565e+00
   3.6541081e+00   2.2786564e+00   1.6315722e+00   1.4540565e+00   1.4209418e+00   1.4374038e+00
