   5.3439690e+00   2.0804586e+01   1.9415299e+01   2.9055718e+01   3.0425773e+01   3.0778264e+01
   5.8598155e+00   2.3614926e+01   1.9867768e+01   3.0077319e+01   3.1495545e+01   3.1860429e+01
   8.4715715e+00   2.8394002e+01   2.1045613e+01   3.2229541e+01   3.3749250e+01   3.4140245e+01
   3.8752002e+01   4.0114525e+01   2.5304724e+01   3.7435759e+01   3.9200955e+01   3.9655109e+01
   1.0080957e+02   1.2121093e+02   4.5011829e+01   5.7329637e+01   6.0032882e+01   6.0728380e+01
   2.3371379e+02   1.8562408e+02   2.2318980e+02   2.3371379e+02   2.3642143e+02   2.3916044e+02
   1.2692635e+02   8.0066663e+01   1.0927461e+02   1.1982275e+02   1.2403572e+02   1.2547271e+02
   8.4813353e+01   4.1524953e+01   5.8665691e+01   6.8142287e+01   7.2182050e+01   7.3864237e+01
   6.3591885e+01   3.0778264e+01   3.7435759e+01   4.5011829e+01   4.9356763e+01   5.1684067e+01
   4.9928575e+01   2.9055718e+01   2.9055718e+01   3.3362734e+01   3.7435759e+01   4.0114525e+01
   4.1049385e+01   3.2229541e+01   2.6194439e+01   2.7747356e+01   3.0425773e+01   3.3362734e+01
   3.4140245e+01   3.9655109e+01   2.5304724e+01   2.5304724e+01   2.6497909e+01   2.8722955e+01
   2.9055718e+01   5.1684067e+01   2.5894445e+01   2.4445228e+01   2.4728433e+01   2.5894445e+01
   2.5304724e+01   6.8142287e+01   2.7429577e+01   2.4728433e+01   2.4165267e+01   2.4445228e+01
   2.2293286e+01   8.8812529e+01   2.9055718e+01   2.5597886e+01   2.4165267e+01   2.3888512e+01
   2.0097941e+01   1.1311671e+02   3.1134839e+01   2.6497909e+01   2.4728433e+01   2.3888512e+01
   1.8328696e+01   1.4407190e+02   3.3749250e+01   2.7429577e+01   2.5597886e+01   2.4445228e+01
   1.6908849e+01   1.7931921e+02   3.6164223e+01   2.8394002e+01   2.6497909e+01   2.5304724e+01
   1.5779711e+01   2.2318980e+02   3.9200955e+01   2.9392337e+01   2.7429577e+01   2.6194439e+01
   1.5069160e+01   2.7146688e+02   4.2984973e+01   3.0425773e+01   2.8068817e+01   2.6804895e+01
