   1.1416389e+00   1.8519694e+00   1.7085052e+00   2.4137448e+00   2.5275593e+00   2.5568418e+00
   1.8519694e+00   2.1760498e+00   1.8734250e+00   2.6164284e+00   2.7398000e+00   2.7715413e+00
   6.1361215e+00   2.8689889e+00   2.3050553e+00   3.1098996e+00   3.2192439e+00   3.2565397e+00
   3.8308191e+01   4.6540808e+00   3.6964420e+00   4.4960011e+00   4.6540808e+00   4.7079996e+00
   9.9655036e+01   8.8710288e+00   1.1695910e+01   1.2532826e+01   1.2678023e+01   1.2824901e+01
   2.2839119e+02   1.4742947e+02   1.4407190e+02   1.4574102e+02   1.4574102e+02   1.4574102e+02
   1.1982275e+02   5.2282841e+01   5.4121109e+01   5.4748117e+01   5.5382389e+01   5.5382389e+01
   7.6461308e+01   2.0804586e+01   2.2812826e+01   2.3344474e+01   2.3614926e+01   2.3888512e+01
   5.4121109e+01   1.0304015e+01   1.1695910e+01   1.2389293e+01   1.2678023e+01   1.2824901e+01
   4.0114525e+01   6.2072101e+00   7.0456970e+00   7.5498612e+00   7.8153147e+00   7.9974489e+00
   3.0778264e+01   4.4445102e+00   4.8177185e+00   5.1624568e+00   5.4685090e+00   5.6607821e+00
   2.3888512e+01   3.6964420e+00   3.6964420e+00   3.9155827e+00   4.1477150e+00   4.3432908e+00
   1.8755842e+01   3.4496012e+00   3.1098996e+00   3.2192439e+00   3.4100943e+00   3.5708893e+00
   1.4725974e+01   3.4895658e+00   2.8036504e+00   2.8361315e+00   2.9698627e+00   3.1098996e+00
   1.1695910e+01   3.6964420e+00   2.6774037e+00   2.6467405e+00   2.7084222e+00   2.8036504e+00
   9.2893215e+00   4.0532548e+00   2.6164284e+00   2.5275593e+00   2.5568418e+00   2.6164284e+00
   7.4633957e+00   4.4960011e+00   2.6467405e+00   2.4699966e+00   2.4699966e+00   2.4986122e+00
   6.0658469e+00   5.0448868e+00   2.7084222e+00   2.4417087e+00   2.4137448e+00   2.4417087e+00
   4.9299944e+00   5.5959514e+00   2.8361315e+00   2.4699966e+00   2.4137448e+00   2.3861011e+00
   4.0532548e+00   6.1361215e+00   2.9698627e+00   2.4699966e+00   2.3861011e+00   2.3861011e+00
