   9.9540312e+00   3.9655109e+01   3.7435759e+01   5.5382389e+01   5.7993817e+01   5.9345350e+01
   1.0544148e+01   4.5011829e+01   3.8308191e+01   5.7329637e+01   6.0728380e+01   6.1431935e+01
   1.0914881e+01   5.4748117e+01   4.0114525e+01   6.1431935e+01   6.4328615e+01   6.5827779e+01
   3.9655109e+01   7.6461308e+01   4.7134257e+01   7.0538174e+01   7.3864237e+01   7.5585627e+01
   1.0315891e+02   2.2063369e+02   8.0066663e+01   1.0435404e+02   1.0927461e+02   1.1054059e+02
   2.3916044e+02   2.2318980e+02   3.0460840e+02   3.2640506e+02   3.3401185e+02   3.3401185e+02
   1.3758443e+02   1.0197747e+02   1.5086528e+02   1.7124457e+02   1.7726554e+02   1.7931921e+02
   9.5167628e+01   6.0728380e+01   8.3842020e+01   1.0197747e+02   1.0927461e+02   1.1311671e+02
   7.3864237e+01   5.1684067e+01   5.7993817e+01   6.9730328e+01   7.8243222e+01   8.2881811e+01
   6.0728380e+01   5.3501281e+01   4.8791500e+01   5.4121109e+01   6.0728380e+01   6.6590413e+01
   5.1684067e+01   6.2143641e+01   4.6594448e+01   4.7134257e+01   5.1092150e+01   5.6024010e+01
   4.5011829e+01   7.9149691e+01   4.7134257e+01   4.5011829e+01   4.6060820e+01   4.9356763e+01
   4.0114525e+01   1.0435404e+02   4.9356763e+01   4.5011829e+01   4.4496327e+01   4.5533304e+01
   3.6164223e+01   1.3917838e+02   5.2282841e+01   4.6594448e+01   4.4496327e+01   4.3986728e+01
   3.3362734e+01   1.8349820e+02   5.6673063e+01   4.8232711e+01   4.5533304e+01   4.3986728e+01
   3.1134839e+01   2.3642143e+02   6.0728380e+01   5.0507012e+01   4.7134257e+01   4.5011829e+01
   2.9392337e+01   3.0111984e+02   6.5827779e+01   5.2888552e+01   4.9356763e+01   4.6594448e+01
   2.8068817e+01   3.7913109e+02   7.0538174e+01   5.5382389e+01   5.1092150e+01   4.8232711e+01
   2.6804895e+01   4.7735274e+02   7.7347133e+01   5.7329637e+01   5.2888552e+01   4.9928575e+01
   2.6194439e+01   5.9413747e+02   8.3842020e+01   5.9345350e+01   5.4748117e+01   5.1684067e+01
