   6.8063842e+00   7.5498612e+00   7.2934241e+00   7.1273234e+00   7.0456970e+00   7.0456970e+00
   5.8598155e+00   6.8852380e+00   6.5751998e+00   6.3518678e+00   6.2791224e+00   6.2072101e+00
   4.8735331e+00   6.2791224e+00   5.9277031e+00   5.6607821e+00   5.5318633e+00   5.4058804e+00
   3.8264091e+00   5.6607821e+00   5.3439690e+00   5.0448868e+00   4.8735331e+00   4.7079996e+00
   2.8361315e+00   5.1624568e+00   4.8177185e+00   4.5480886e+00   4.2935488e+00   4.1002129e+00
   1.9844896e+00   4.7079996e+00   4.4445102e+00   4.1957674e+00   3.9155827e+00   3.6541081e+00
   1.4374038e+00   4.2443766e+00   4.1477150e+00   3.9155827e+00   3.6122591e+00   3.3324326e+00
   1.0902316e+00   3.8264091e+00   3.9155827e+00   3.6964420e+00   3.4100943e+00   3.1459287e+00
   9.0673157e-01   3.4496012e+00   3.6541081e+00   3.5299933e+00   3.2942676e+00   3.0042694e+00
   7.9882422e-01   3.0742832e+00   3.4496012e+00   3.4100943e+00   3.1823752e+00   2.9358500e+00
   7.3694269e-01   2.7084222e+00   3.2192439e+00   3.2565397e+00   3.0742832e+00   2.8361315e+00
   7.2015953e-01   2.3587741e+00   3.0042694e+00   3.0742832e+00   2.9698627e+00   2.7715413e+00
   7.2015953e-01   2.0542643e+00   2.7715413e+00   2.9358500e+00   2.8361315e+00   2.6774037e+00
   7.3694269e-01   1.8097926e+00   2.5275593e+00   2.7398000e+00   2.7084222e+00   2.5864635e+00
   7.5411698e-01   1.6128865e+00   2.3050553e+00   2.5864635e+00   2.5568418e+00   2.4699966e+00
   7.6285364e-01   1.4709022e+00   2.0780636e+00   2.4137448e+00   2.4137448e+00   2.3317600e+00
   7.7169151e-01   1.3726784e+00   1.8951292e+00   2.2525598e+00   2.2786564e+00   2.2267622e+00
   7.7169151e-01   1.3108674e+00   1.7085052e+00   2.1021385e+00   2.1511284e+00   2.1264924e+00
   7.7169151e-01   1.2663428e+00   1.5581035e+00   1.9617620e+00   2.0307377e+00   2.0074805e+00
   7.7169151e-01   1.2375030e+00   1.4374038e+00   1.8519694e+00   1.9392948e+00   1.9170848e+00
