   9.7385489e+01   1.0080957e+02   1.0080957e+02   1.0080957e+02   1.0080957e+02   1.0080957e+02
   8.4813353e+01   9.0882285e+01   9.0882285e+01   9.0882285e+01   9.0882285e+01   8.9841447e+01
   7.2182050e+01   8.0994257e+01   8.0994257e+01   8.0994257e+01   8.0994257e+01   8.0066663e+01
   5.7993817e+01   7.1355378e+01   7.2182050e+01   7.1355378e+01   7.1355378e+01   7.1355378e+01
   4.3986728e+01   6.2863593e+01   6.4328615e+01   6.4328615e+01   6.3591885e+01   6.3591885e+01
   3.1860429e+01   5.5382389e+01   5.7329637e+01   5.7329637e+01   5.7329637e+01   5.7329637e+01
   2.2812826e+01   4.8232711e+01   5.1684067e+01   5.2282841e+01   5.2282841e+01   5.1684067e+01
   1.7302906e+01   4.1524953e+01   4.6594448e+01   4.7680321e+01   4.7680321e+01   4.7680321e+01
   1.3742604e+01   3.5750049e+01   4.2006032e+01   4.3482966e+01   4.3986728e+01   4.3482966e+01
   1.1429547e+01   2.9732855e+01   3.7869463e+01   4.0114525e+01   4.0114525e+01   4.0114525e+01
   9.9540312e+00   2.4445228e+01   3.3749250e+01   3.6583196e+01   3.7007022e+01   3.7007022e+01
   8.7694324e+00   1.9640230e+01   3.0077319e+01   3.2980644e+01   3.3749250e+01   3.3749250e+01
   7.7258091e+00   1.5598992e+01   2.6194439e+01   2.9732855e+01   3.0778264e+01   3.0778264e+01
   6.8852380e+00   1.1968481e+01   2.2551560e+01   2.6804895e+01   2.7747356e+01   2.7747356e+01
   6.0658469e+00   9.1829346e+00   1.9192943e+01   2.3888512e+01   2.4728433e+01   2.5014919e+01
   5.2827667e+00   7.0456970e+00   1.6147454e+01   2.1045613e+01   2.2293286e+01   2.2551560e+01
   4.5480886e+00   5.4685090e+00   1.3429630e+01   1.8541039e+01   1.9867768e+01   2.0097941e+01
   3.9609458e+00   4.2935488e+00   1.0914881e+01   1.6334527e+01   1.7706147e+01   1.7911278e+01
   3.4100943e+00   3.4895658e+00   8.6689996e+00   1.4390605e+01   1.5779711e+01   1.5962524e+01
   2.9358500e+00   2.8689889e+00   6.7284334e+00   1.2532826e+01   1.4062872e+01   1.4390605e+01
