   1.7085052e+00   2.2012600e+00   1.9392948e+00   1.8307596e+00   1.7685763e+00   1.7483215e+00
   1.4540565e+00   2.0780636e+00   1.7685763e+00   1.6128865e+00   1.5402591e+00   1.4879430e+00
   1.1682446e+00   1.9617620e+00   1.5944147e+00   1.4209418e+00   1.3108674e+00   1.2375030e+00
   8.9634714e-01   1.8519694e+00   1.4709022e+00   1.2375030e+00   1.1028622e+00   1.0174282e+00
   6.4924140e-01   1.7685763e+00   1.3726784e+00   1.1156392e+00   9.3861230e-01   8.2691092e-01
   4.6487230e-01   1.7085052e+00   1.3260542e+00   1.0411391e+00   8.2691092e-01   6.8773117e-01
   3.4061685e-01   1.6315722e+00   1.3260542e+00   1.0292153e+00   7.6285364e-01   5.9208791e-01
   2.6743214e-01   1.5944147e+00   1.3414169e+00   1.0532010e+00   7.6285364e-01   5.4622137e-01
   2.2499667e-01   1.5402591e+00   1.3726784e+00   1.1285642e+00   8.2691092e-01   5.5254949e-01
   2.0051694e-01   1.4709022e+00   1.4046683e+00   1.2093201e+00   9.3861230e-01   6.2718938e-01
   1.9370622e-01   1.4209418e+00   1.4209418e+00   1.2810137e+00   1.0654026e+00   7.7169151e-01
   2.0283999e-01   1.3569576e+00   1.4209418e+00   1.3414169e+00   1.1548651e+00   9.1723631e-01
   2.3833542e-01   1.2958546e+00   1.4209418e+00   1.3726784e+00   1.2375030e+00   1.0411391e+00
   3.1787116e-01   1.2518399e+00   1.4046683e+00   1.3885812e+00   1.2810137e+00   1.1285642e+00
   4.0485886e-01   1.2093201e+00   1.3726784e+00   1.3885812e+00   1.3108674e+00   1.1954702e+00
   4.7570604e-01   1.1954702e+00   1.3414169e+00   1.3885812e+00   1.3260542e+00   1.2375030e+00
   5.3378170e-01   1.1817790e+00   1.3108674e+00   1.3726784e+00   1.3260542e+00   1.2518399e+00
   8.7492532e-02   1.1682446e+00   1.2810137e+00   1.3569576e+00   1.3260542e+00   1.2810137e+00
   6.2000644e-01   1.1682446e+00   1.2663428e+00   1.3414169e+00   1.3260542e+00   1.2810137e+00
   6.4924140e-01   1.1682446e+00   1.2375030e+00   1.3260542e+00   1.3260542e+00   1.2958546e+00
