   8.6590198e-01   1.1954702e+00   1.0057760e+00   9.2786275e-01   8.9634714e-01   8.7593370e-01
   7.2850278e-01   1.1416389e+00   9.0673157e-01   8.1744065e-01   7.6285364e-01   7.3694269e-01
   5.8530696e-01   1.1156392e+00   8.2691092e-01   7.1191184e-01   6.4180590e-01   6.0588639e-01
   4.4393937e-01   1.0902316e+00   7.7169151e-01   6.2000644e-01   5.3378170e-01   4.8679227e-01
   3.2527908e-01   1.0777456e+00   7.2850278e-01   5.5254949e-01   4.4393937e-01   3.8662831e-01
   2.3290756e-01   1.0777456e+00   7.2850278e-01   5.1565137e-01   3.8220041e-01   3.1423071e-01
   1.7263091e-01   1.1028622e+00   7.6285364e-01   5.0974582e-01   3.4855485e-01   2.6134164e-01
   1.3553955e-01   1.1285642e+00   8.2691092e-01   5.5254949e-01   3.4061685e-01   2.3024017e-01
   1.1403247e-01   1.1416389e+00   9.1723631e-01   6.4924140e-01   3.7782322e-01   2.2241987e-01
   1.0280305e-01   1.1682446e+00   1.0057760e+00   7.8063177e-01   4.9243189e-01   2.4671531e-01
   9.9311262e-02   1.1682446e+00   1.0777456e+00   9.0673157e-01   6.5676304e-01   3.5667785e-01
   1.0641761e-01   1.1682446e+00   1.1416389e+00   1.0174282e+00   8.1744065e-01   5.5254949e-01
   1.4030513e-01   1.1548651e+00   1.1817790e+00   1.0902316e+00   9.3861230e-01   7.2850278e-01
   2.4388978e-01   1.1548651e+00   1.1954702e+00   1.1416389e+00   1.0292153e+00   8.6590198e-01
   3.5259296e-01   1.1548651e+00   1.2093201e+00   1.1817790e+00   1.0902316e+00   9.6048646e-01
   4.3885511e-01   1.1548651e+00   1.2233304e+00   1.2093201e+00   1.1416389e+00   1.0411391e+00
   5.0390791e-01   1.1548651e+00   1.2233304e+00   1.2233304e+00   1.1817790e+00   1.1028622e+00
   5.5895093e-01   1.1548651e+00   1.2233304e+00   1.2375030e+00   1.1954702e+00   1.1416389e+00
   5.9894741e-01   1.1548651e+00   1.2233304e+00   1.2375030e+00   1.2233304e+00   1.1682446e+00
   6.3445555e-01   1.1548651e+00   1.2233304e+00   1.2518399e+00   1.2375030e+00   1.1954702e+00
