   2.5894445e+01   2.7115437e+01   2.7115437e+01   2.6804895e+01   2.6804895e+01   2.6804895e+01
   2.2551560e+01   2.4728433e+01   2.4445228e+01   2.4165267e+01   2.4165267e+01   2.4165267e+01
   1.9192943e+01   2.2037970e+01   2.1785578e+01   2.1536076e+01   2.1536076e+01   2.1289432e+01
   1.5420343e+01   1.9640230e+01   1.9415299e+01   1.9192943e+01   1.8973134e+01   1.8973134e+01
   1.1561961e+01   1.7302906e+01   1.7302906e+01   1.7104743e+01   1.6908849e+01   1.6908849e+01
   8.3745500e+00   1.5420343e+01   1.5598992e+01   1.5598992e+01   1.5243740e+01   1.5069160e+01
   5.9963772e+00   1.3585216e+01   1.4225795e+01   1.4225795e+01   1.3901816e+01   1.3742604e+01
   4.5480886e+00   1.1831410e+01   1.2973481e+01   1.3123783e+01   1.2824901e+01   1.2532826e+01
   3.6541081e+00   1.0304015e+01   1.1831410e+01   1.2107139e+01   1.1968481e+01   1.1695910e+01
   3.1098996e+00   8.7694324e+00   1.0789877e+01   1.1169250e+01   1.1041333e+01   1.0789877e+01
   2.7398000e+00   7.2934241e+00   9.7273378e+00   1.0304015e+01   1.0304015e+01   1.0069351e+01
   2.4986122e+00   5.9963772e+00   8.6689996e+00   9.5058070e+00   9.5058070e+00   9.3969409e+00
   2.2786564e+00   4.8735331e+00   7.7258091e+00   8.6689996e+00   8.7694324e+00   8.6689996e+00
   2.1021385e+00   3.9609458e+00   6.8063842e+00   7.8153147e+00   7.9974489e+00   7.9058574e+00
   1.9392948e+00   3.1823752e+00   5.8598155e+00   7.0456970e+00   7.2934241e+00   7.2098954e+00
   1.7685763e+00   2.6164284e+00   5.0448868e+00   6.3518678e+00   6.5751998e+00   6.5751998e+00
   1.6315722e+00   2.1760498e+00   4.2935488e+00   5.6607821e+00   5.9963772e+00   5.9963772e+00
   1.4879430e+00   1.8951292e+00   3.6122591e+00   5.1033332e+00   5.4058804e+00   5.4685090e+00
   1.3569576e+00   1.6889384e+00   3.0042694e+00   4.5480886e+00   4.9299944e+00   4.9299944e+00
   1.2518399e+00   1.5402591e+00   2.4699966e+00   4.0532548e+00   4.4445102e+00   4.4960011e+00
