   1.3275825e+01   1.4225795e+01   1.4062872e+01   1.3901816e+01   1.3742604e+01   1.3742604e+01
   1.1561961e+01   1.2973481e+01   1.2678023e+01   1.2532826e+01   1.2389293e+01   1.2247403e+01
   9.7273378e+00   1.1695910e+01   1.1298649e+01   1.1169250e+01   1.0914881e+01   1.0914881e+01
   7.8153147e+00   1.0423390e+01   1.0186008e+01   9.8400317e+00   9.7273378e+00   9.6159345e+00
   5.8598155e+00   9.2893215e+00   9.1829346e+00   8.8710288e+00   8.6689996e+00   8.4715715e+00
   4.1477150e+00   8.3745500e+00   8.2786397e+00   8.0901016e+00   7.8153147e+00   7.6373285e+00
   2.9698627e+00   7.4633957e+00   7.6373285e+00   7.4633957e+00   7.2098954e+00   6.9650055e+00
   2.2525598e+00   6.5751998e+00   7.0456970e+00   6.8852380e+00   6.6513753e+00   6.4254560e+00
   1.8307596e+00   5.7927054e+00   6.4998967e+00   6.4998967e+00   6.2791224e+00   5.9963772e+00
   1.5761545e+00   4.9871097e+00   5.9277031e+00   6.0658469e+00   5.8598155e+00   5.6607821e+00
   1.4374038e+00   4.2935488e+00   5.4685090e+00   5.6607821e+00   5.5318633e+00   5.3439690e+00
   1.3414169e+00   3.6122591e+00   4.9299944e+00   5.2827667e+00   5.2222653e+00   5.0448868e+00
   1.2810137e+00   3.0390747e+00   4.4445102e+00   4.8735331e+00   4.8735331e+00   4.7079996e+00
   1.2233304e+00   2.5275593e+00   3.9609458e+00   4.4960011e+00   4.4960011e+00   4.3936091e+00
   1.1682446e+00   2.1264924e+00   3.5299933e+00   4.1002129e+00   4.1477150e+00   4.1002129e+00
   1.1156392e+00   1.8519694e+00   3.0742832e+00   3.7392663e+00   3.8264091e+00   3.7825867e+00
   1.0777456e+00   1.6315722e+00   2.7084222e+00   3.4100943e+00   3.5299933e+00   3.4895658e+00
   1.0292153e+00   1.5051812e+00   2.3587741e+00   3.1098996e+00   3.2565397e+00   3.2565397e+00
   9.8287038e-01   1.4046683e+00   2.0307377e+00   2.8361315e+00   3.0042694e+00   3.0042694e+00
   9.3861230e-01   1.3414169e+00   1.7685763e+00   2.5864635e+00   2.7715413e+00   2.7715413e+00
