   4.9928575e+01   5.2282841e+01   5.2282841e+01   5.2282841e+01   5.2282841e+01   5.1684067e+01
   4.3986728e+01   4.7134257e+01   4.7134257e+01   4.6594448e+01   4.6594448e+01   4.6594448e+01
   3.7007022e+01   4.2006032e+01   4.2006032e+01   4.1524953e+01   4.1524953e+01   4.1524953e+01
   3.0077319e+01   3.7435759e+01   3.7435759e+01   3.7007022e+01   3.7007022e+01   3.7007022e+01
   2.2812826e+01   3.2980644e+01   3.3362734e+01   3.3362734e+01   3.2980644e+01   3.2980644e+01
   1.6334527e+01   2.9055718e+01   3.0077319e+01   2.9732855e+01   2.9732855e+01   2.9392337e+01
   1.1695910e+01   2.5304724e+01   2.7115437e+01   2.7115437e+01   2.7115437e+01   2.6804895e+01
   8.8710288e+00   2.2037970e+01   2.4445228e+01   2.5014919e+01   2.4728433e+01   2.4445228e+01
   7.1273234e+00   1.8973134e+01   2.2293286e+01   2.2812826e+01   2.2812826e+01   2.2551560e+01
   5.9963772e+00   1.5962524e+01   2.0097941e+01   2.1045613e+01   2.1045613e+01   2.0804586e+01
   5.2222653e+00   1.3123783e+01   1.7911278e+01   1.9192943e+01   1.9415299e+01   1.9192943e+01
   4.6540808e+00   1.0666305e+01   1.5962524e+01   1.7503365e+01   1.7706147e+01   1.7706147e+01
   4.1477150e+00   8.4715715e+00   1.4062872e+01   1.5962524e+01   1.6147454e+01   1.6147454e+01
   3.7392663e+00   6.7284334e+00   1.2107139e+01   1.4225795e+01   1.4725974e+01   1.4725974e+01
   3.3710398e+00   5.2222653e+00   1.0423390e+01   1.2824901e+01   1.3275825e+01   1.3275825e+01
   3.0042694e+00   4.1002129e+00   8.8710288e+00   1.1429547e+01   1.1968481e+01   1.1968481e+01
   2.6467405e+00   3.2942676e+00   7.3779204e+00   1.0069351e+01   1.0666305e+01   1.0789877e+01
   2.3317600e+00   2.7084222e+00   6.0658469e+00   8.9738021e+00   9.6159345e+00   9.7273378e+00
   2.0780636e+00   2.2786564e+00   4.9299944e+00   7.9058574e+00   8.5697171e+00   8.7694324e+00
   1.8307596e+00   1.9844896e+00   3.9155827e+00   6.9650055e+00   7.7258091e+00   7.8153147e+00
