   3.4100943e+00   4.0532548e+00   3.7392663e+00   3.6122591e+00   3.5708893e+00   3.5299933e+00
   2.9358500e+00   3.7392663e+00   3.4100943e+00   3.2192439e+00   3.1098996e+00   3.0742832e+00
   2.3861011e+00   3.4895658e+00   3.0742832e+00   2.8361315e+00   2.7084222e+00   2.6164284e+00
   1.8519694e+00   3.2192439e+00   2.8036504e+00   2.5275593e+00   2.3317600e+00   2.2012600e+00
   1.3414169e+00   2.9698627e+00   2.5864635e+00   2.2786564e+00   2.0307377e+00   1.8734250e+00
   9.4948639e-01   2.7715413e+00   2.4417087e+00   2.1264924e+00   1.8307596e+00   1.6128865e+00
   6.8773117e-01   2.5568418e+00   2.3317600e+00   2.0307377e+00   1.7085052e+00   1.4540565e+00
   5.3378170e-01   2.3861011e+00   2.2525598e+00   1.9844896e+00   1.6889384e+00   1.3726784e+00
   4.4908253e-01   2.2012600e+00   2.1760498e+00   1.9844896e+00   1.6889384e+00   1.3885812e+00
   4.0022218e-01   2.0307377e+00   2.1264924e+00   1.9844896e+00   1.7282987e+00   1.4540565e+00
   3.7782322e-01   1.8519694e+00   2.0542643e+00   1.9617620e+00   1.7685763e+00   1.5226192e+00
   3.8220041e-01   1.7085052e+00   1.9617620e+00   1.9392948e+00   1.7890658e+00   1.5761545e+00
   4.1429401e-01   1.5581035e+00   1.8734250e+00   1.8951292e+00   1.7890658e+00   1.6128865e+00
   4.6487230e-01   1.4374038e+00   1.7890658e+00   1.8519694e+00   1.7685763e+00   1.6315722e+00
   5.2162534e-01   1.3414169e+00   1.6889384e+00   1.7890658e+00   1.7282987e+00   1.6315722e+00
   5.7197716e-01   1.2810137e+00   1.5944147e+00   1.7282987e+00   1.6889384e+00   1.6128865e+00
   6.1290575e-01   1.2375030e+00   1.5051812e+00   1.6504744e+00   1.6504744e+00   1.5761545e+00
   6.4180590e-01   1.2233304e+00   1.4209418e+00   1.5944147e+00   1.5944147e+00   1.5581035e+00
   6.7206876e-01   1.2093201e+00   1.3569576e+00   1.5402591e+00   1.5581035e+00   1.5226192e+00
   6.8773117e-01   1.1954702e+00   1.2958546e+00   1.4879430e+00   1.5226192e+00   1.4879430e+00
