   3.3401185e+02   3.3788148e+02   3.3788148e+02   3.3788148e+02   3.3788148e+02   3.3788148e+02
   3.0111984e+02   3.0460840e+02   3.0460840e+02   3.0460840e+02   3.0460840e+02   3.0460840e+02
   2.6835788e+02   2.7461190e+02   2.7146688e+02   2.7146688e+02   2.7146688e+02   2.7146688e+02
   2.3371379e+02   2.4473402e+02   2.4473402e+02   2.4473402e+02   2.4193118e+02   2.4193118e+02
   2.0121105e+02   2.1810686e+02   2.1810686e+02   2.1810686e+02   2.1810686e+02   2.1810686e+02
   1.6542811e+02   1.9662866e+02   1.9662866e+02   1.9662866e+02   1.9662866e+02   1.9662866e+02
   1.2403572e+02   1.7726554e+02   1.7726554e+02   1.7726554e+02   1.7726554e+02   1.7726554e+02
   7.5585627e+01   1.5797898e+02   1.6166064e+02   1.6166064e+02   1.6166064e+02   1.5980921e+02
   4.7134257e+01   1.4079080e+02   1.4407190e+02   1.4574102e+02   1.4574102e+02   1.4407190e+02
   3.4140245e+01   1.1982275e+02   1.2692635e+02   1.2839682e+02   1.2839682e+02   1.2839682e+02
   1.1575287e+02   9.8513727e+01   1.0927461e+02   1.1182123e+02   1.1182123e+02   1.1182123e+02
   1.4913748e+02   7.5585627e+01   9.1935182e+01   9.5167628e+01   9.5167628e+01   9.5167628e+01
   1.5797898e+02   5.6024010e+01   7.4719975e+01   7.9149691e+01   8.0066663e+01   8.0066663e+01
   1.4407190e+02   4.0579263e+01   6.1431935e+01   6.6590413e+01   6.7361881e+01   6.8142287e+01
   1.1182123e+02   2.9732855e+01   4.9928575e+01   5.6024010e+01   5.7329637e+01   5.7329637e+01
   6.5827779e+01   2.2037970e+01   4.0579263e+01   4.7680321e+01   4.8791500e+01   4.9356763e+01
   1.3585216e+01   1.6523767e+01   3.3362734e+01   4.0579263e+01   4.2006032e+01   4.2492683e+01
   1.2107139e+01   1.2973481e+01   2.6804895e+01   3.4935876e+01   3.6583196e+01   3.6583196e+01
   1.0666305e+01   1.0423390e+01   2.1536076e+01   3.0077319e+01   3.1860429e+01   3.2229541e+01
   9.5058070e+00   8.6689996e+00   1.6908849e+01   2.6194439e+01   2.7747356e+01   2.8394002e+01
