   8.9841447e+01   9.0882285e+01   9.0882285e+01   8.9841447e+01   8.9841447e+01   8.9841447e+01
   8.0994257e+01   8.1932598e+01   8.1932598e+01   8.1932598e+01   8.1932598e+01   8.1932598e+01
   7.2182050e+01   7.3864237e+01   7.3864237e+01   7.3018300e+01   7.3018300e+01   7.3018300e+01
   6.2863593e+01   6.6590413e+01   6.5827779e+01   6.5827779e+01   6.5827779e+01   6.5073880e+01
   5.4121109e+01   6.0032882e+01   5.9345350e+01   5.9345350e+01   5.8665691e+01   5.8665691e+01
   4.5011829e+01   5.4121109e+01   5.3501281e+01   5.3501281e+01   5.3501281e+01   5.2888552e+01
   3.3749250e+01   4.8791500e+01   4.8791500e+01   4.8791500e+01   4.8791500e+01   4.8232711e+01
   2.1045613e+01   4.3986728e+01   4.4496327e+01   4.4496327e+01   4.4496327e+01   4.3986728e+01
   1.3275825e+01   3.9655109e+01   4.0579263e+01   4.0579263e+01   4.0579263e+01   4.0114525e+01
   9.9540312e+00   3.4535769e+01   3.6164223e+01   3.6583196e+01   3.6164223e+01   3.6164223e+01
   8.2786397e+00   2.8722955e+01   3.1860429e+01   3.2229541e+01   3.2229541e+01   3.1860429e+01
   3.9655109e+01   2.3077119e+01   2.7115437e+01   2.7747356e+01   2.7747356e+01   2.7747356e+01
   4.2492683e+01   1.7706147e+01   2.2812826e+01   2.3888512e+01   2.3888512e+01   2.3888512e+01
   3.9200955e+01   1.3585216e+01   1.9192943e+01   2.0566319e+01   2.0566319e+01   2.0566319e+01
   3.0077319e+01   1.0544148e+01   1.5962524e+01   1.7706147e+01   1.7911278e+01   1.7911278e+01
   5.5959514e+00   8.4715715e+00   1.3585216e+01   1.5243740e+01   1.5598992e+01   1.5598992e+01
   5.2827667e+00   7.0456970e+00   1.1429547e+01   1.3429630e+01   1.3742604e+01   1.3742604e+01
   5.0448868e+00   6.1361215e+00   9.7273378e+00   1.1831410e+01   1.2247403e+01   1.2247403e+01
   4.8177185e+00   5.5318633e+00   8.2786397e+00   1.0544148e+01   1.1041333e+01   1.1041333e+01
   4.6007795e+00   5.1033332e+00   6.9650055e+00   9.5058070e+00   9.9540312e+00   1.0069351e+01
