   1.7322849e+02   1.7523539e+02   1.7523539e+02   1.7523539e+02   1.7523539e+02   1.7322849e+02
   1.5616971e+02   1.5797898e+02   1.5797898e+02   1.5797898e+02   1.5797898e+02   1.5797898e+02
   1.3917838e+02   1.4242190e+02   1.4079080e+02   1.4079080e+02   1.4079080e+02   1.4079080e+02
   1.2121093e+02   1.2692635e+02   1.2692635e+02   1.2692635e+02   1.2547271e+02   1.2547271e+02
   1.0435404e+02   1.1442720e+02   1.1311671e+02   1.1311671e+02   1.1311671e+02   1.1311671e+02
   8.5795939e+01   1.0315891e+02   1.0197747e+02   1.0197747e+02   1.0197747e+02   1.0197747e+02
   6.4328615e+01   9.3000277e+01   9.3000277e+01   9.3000277e+01   9.3000277e+01   9.1935182e+01
   3.9655109e+01   8.2881811e+01   8.3842020e+01   8.4813353e+01   8.3842020e+01   8.3842020e+01
   2.4728433e+01   7.3864237e+01   7.5585627e+01   7.6461308e+01   7.6461308e+01   7.5585627e+01
   1.8118785e+01   6.3591885e+01   6.7361881e+01   6.8142287e+01   6.8142287e+01   6.7361881e+01
   5.7993817e+01   5.2282841e+01   5.7993817e+01   5.9345350e+01   5.9345350e+01   5.9345350e+01
   7.7347133e+01   4.1049385e+01   4.8791500e+01   5.0507012e+01   5.1092150e+01   5.0507012e+01
   8.1932598e+01   3.0778264e+01   4.0579263e+01   4.2984973e+01   4.2984973e+01   4.2984973e+01
   7.5585627e+01   2.2812826e+01   3.3362734e+01   3.6164223e+01   3.6583196e+01   3.6583196e+01
   5.7993817e+01   1.7104743e+01   2.7747356e+01   3.0778264e+01   3.1495545e+01   3.1495545e+01
   8.8710288e+00   1.2973481e+01   2.2812826e+01   2.6194439e+01   2.7115437e+01   2.7115437e+01
   8.0901016e+00   1.0304015e+01   1.8755842e+01   2.2551560e+01   2.3344474e+01   2.3614926e+01
   7.4633957e+00   8.3745500e+00   1.5598992e+01   1.9640230e+01   2.0566319e+01   2.0566319e+01
   6.8063842e+00   7.1273234e+00   1.2678023e+01   1.7104743e+01   1.8118785e+01   1.8118785e+01
   6.2791224e+00   6.2791224e+00   1.0304015e+01   1.5069160e+01   1.5962524e+01   1.6147454e+01
