   3.0042694e+00   4.0532548e+00   3.4895658e+00   3.2565397e+00   3.1098996e+00   3.0042694e+00
   2.6164284e+00   4.0068345e+00   3.3324326e+00   2.9698627e+00   2.7398000e+00   2.6164284e+00
   2.2525598e+00   4.0068345e+00   3.2565397e+00   2.7715413e+00   2.4417087e+00   2.2786564e+00
   1.9170848e+00   4.0532548e+00   3.2942676e+00   2.7084222e+00   2.2786564e+00   1.9844896e+00
   1.6504744e+00   4.1002129e+00   3.4496012e+00   2.8361315e+00   2.2525598e+00   1.8519694e+00
   1.4879430e+00   4.1957674e+00   3.6122591e+00   3.0742832e+00   2.4699966e+00   1.8951292e+00
   1.4540565e+00   4.2443766e+00   3.8264091e+00   3.3324326e+00   2.8036504e+00   2.1760498e+00
   1.5944147e+00   4.2935488e+00   3.9609458e+00   3.6122591e+00   3.1098996e+00   2.5864635e+00
   1.7685763e+00   4.3432908e+00   4.1002129e+00   3.8264091e+00   3.4496012e+00   2.9358500e+00
   1.8519694e+00   4.3936091e+00   4.2443766e+00   4.0068345e+00   3.6964420e+00   3.2942676e+00
   1.9170848e+00   4.3936091e+00   4.3432908e+00   4.1477150e+00   3.9155827e+00   3.5708893e+00
   2.0074805e+00   4.3936091e+00   4.3936091e+00   4.2443766e+00   4.0532548e+00   3.7825867e+00
   2.1511284e+00   4.3432908e+00   4.3936091e+00   4.2935488e+00   4.1477150e+00   3.9609458e+00
   2.3317600e+00   4.2935488e+00   4.3936091e+00   4.3432908e+00   4.1957674e+00   4.0532548e+00
   2.5275593e+00   4.1957674e+00   4.3432908e+00   4.3432908e+00   4.2443766e+00   4.1002129e+00
   2.7398000e+00   4.1477150e+00   4.2935488e+00   4.2935488e+00   4.2443766e+00   4.1477150e+00
   2.9358500e+00   4.1002129e+00   4.2935488e+00   4.2935488e+00   4.2443766e+00   4.1477150e+00
   3.1098996e+00   4.1002129e+00   4.2443766e+00   4.2935488e+00   4.2443766e+00   4.1957674e+00
   3.2565397e+00   4.0532548e+00   4.1957674e+00   4.2443766e+00   4.2443766e+00   4.1957674e+00
   3.3324326e+00   4.0532548e+00   4.1957674e+00   4.2443766e+00   4.2443766e+00   4.1957674e+00
