   6.2072101e+00   7.1273234e+00   6.6513753e+00   6.4254560e+00   6.3518678e+00   6.2791224e+00
   5.5959514e+00   6.7284334e+00   6.2072101e+00   5.9277031e+00   5.7263639e+00   5.5959514e+00
   4.9299944e+00   6.4254560e+00   5.7927054e+00   5.4685090e+00   5.1624568e+00   4.9871097e+00
   4.2935488e+00   6.1361215e+00   5.5318633e+00   5.1033332e+00   4.7625431e+00   4.5480886e+00
   3.7825867e+00   5.9277031e+00   5.4058804e+00   4.9871097e+00   4.5480886e+00   4.2443766e+00
   3.2942676e+00   5.7927054e+00   5.3439690e+00   4.9299944e+00   4.4960011e+00   4.1002129e+00
   2.8361315e+00   5.7263639e+00   5.3439690e+00   4.9871097e+00   4.5480886e+00   4.1477150e+00
   2.3587741e+00   5.5959514e+00   5.3439690e+00   5.0448868e+00   4.6540808e+00   4.2443766e+00
   1.9392948e+00   5.5318633e+00   5.3439690e+00   5.1033332e+00   4.7625431e+00   4.3936091e+00
   1.7483215e+00   5.4058804e+00   5.3439690e+00   5.1624568e+00   4.8735331e+00   4.5480886e+00
   1.7483215e+00   5.2827667e+00   5.2827667e+00   5.1624568e+00   4.9299944e+00   4.6540808e+00
   1.8519694e+00   5.0448868e+00   5.2222653e+00   5.1033332e+00   4.9299944e+00   4.6540808e+00
   2.0074805e+00   4.8177185e+00   5.0448868e+00   5.0448868e+00   4.8735331e+00   4.6540808e+00
   2.2012600e+00   4.6007795e+00   4.9299944e+00   4.9299944e+00   4.8177185e+00   4.6540808e+00
   2.4137448e+00   4.3936091e+00   4.7625431e+00   4.8177185e+00   4.7079996e+00   4.6007795e+00
   2.6164284e+00   4.2443766e+00   4.6007795e+00   4.7079996e+00   4.6540808e+00   4.5480886e+00
   2.8036504e+00   4.1957674e+00   4.4960011e+00   4.6007795e+00   4.5480886e+00   4.4960011e+00
   9.8854740e+04   4.1002129e+00   4.3936091e+00   4.4960011e+00   4.4960011e+00   4.4445102e+00
   3.1098996e+00   4.1002129e+00   4.3432908e+00   4.4445102e+00   4.4445102e+00   4.3936091e+00
   3.2565397e+00   4.1002129e+00   4.2443766e+00   4.3936091e+00   4.3936091e+00   4.3432908e+00
