   4.6594448e+01   4.7134257e+01   4.7134257e+01   4.6594448e+01   4.6594448e+01   4.6594448e+01
   4.2006032e+01   4.2984973e+01   4.2492683e+01   4.2492683e+01   4.2006032e+01   4.2006032e+01
   3.7435759e+01   3.8752002e+01   3.8308191e+01   3.7869463e+01   3.7869463e+01   3.7869463e+01
   3.2602930e+01   3.4935876e+01   3.4535769e+01   3.4140245e+01   3.4140245e+01   3.3749250e+01
   2.8068817e+01   3.1495545e+01   3.1134839e+01   3.1134839e+01   3.0778264e+01   3.0425773e+01
   2.3614926e+01   2.8722955e+01   2.8394002e+01   2.8394002e+01   2.8068817e+01   2.7747356e+01
   1.7911278e+01   2.6194439e+01   2.6194439e+01   2.5894445e+01   2.5597886e+01   2.5597886e+01
   1.1429547e+01   2.4165267e+01   2.4165267e+01   2.3888512e+01   2.3614926e+01   2.3344474e+01
   7.3779204e+00   2.1785578e+01   2.2293286e+01   2.2037970e+01   2.1785578e+01   2.1536076e+01
   5.5959514e+00   1.9415299e+01   2.0097941e+01   2.0097941e+01   1.9867768e+01   1.9640230e+01
   4.7625431e+00   1.6523767e+01   1.7911278e+01   1.8118785e+01   1.7911278e+01   1.7706147e+01
   2.0097941e+01   1.3585216e+01   1.5598992e+01   1.5962524e+01   1.5962524e+01   1.5779711e+01
   2.2037970e+01   1.1041333e+01   1.3585216e+01   1.4062872e+01   1.4062872e+01   1.3901816e+01
   2.0330782e+01   8.8710288e+00   1.1695910e+01   1.2389293e+01   1.2389293e+01   1.2247403e+01
   3.9609458e+00   7.2934241e+00   1.0069351e+01   1.0914881e+01   1.0914881e+01   1.0914881e+01
   3.9155827e+00   6.2072101e+00   8.7694324e+00   9.7273378e+00   9.8400317e+00   9.7273378e+00
   3.8707391e+00   5.4685090e+00   7.7258091e+00   8.6689996e+00   8.8710288e+00   8.8710288e+00
   3.8264091e+00   5.0448868e+00   6.8063842e+00   7.9058574e+00   8.0901016e+00   8.0901016e+00
   3.7825867e+00   4.7079996e+00   6.0658469e+00   7.2098954e+00   7.4633957e+00   7.4633957e+00
   3.7825867e+00   4.5480886e+00   5.4058804e+00   6.6513753e+00   6.8852380e+00   6.8852380e+00
