   2.4165267e+01   2.4728433e+01   2.4445228e+01   2.4165267e+01   2.4165267e+01   2.4165267e+01
   2.1785578e+01   2.2551560e+01   2.2293286e+01   2.2037970e+01   2.1785578e+01   2.1785578e+01
   1.9415299e+01   2.0566319e+01   2.0097941e+01   1.9867768e+01   1.9640230e+01   1.9640230e+01
   1.6908849e+01   1.8755842e+01   1.8328696e+01   1.7911278e+01   1.7706147e+01   1.7706147e+01
   1.4725974e+01   1.7104743e+01   1.6715199e+01   1.6523767e+01   1.6147454e+01   1.5962524e+01
   1.2389293e+01   1.5779711e+01   1.5420343e+01   1.5243740e+01   1.4896579e+01   1.4725974e+01
   9.6159345e+00   1.4725974e+01   1.4390605e+01   1.4225795e+01   1.3901816e+01   1.3585216e+01
   6.4254560e+00   1.3585216e+01   1.3585216e+01   1.3275825e+01   1.3123783e+01   1.2824901e+01
   4.2935488e+00   1.2678023e+01   1.2678023e+01   1.2532826e+01   1.2247403e+01   1.1968481e+01
   3.3710398e+00   1.1429547e+01   1.1831410e+01   1.1695910e+01   1.1561961e+01   1.1298649e+01
   2.9698627e+00   1.0186008e+01   1.0914881e+01   1.0914881e+01   1.0666305e+01   1.0423390e+01
   2.8689889e+00   8.8710288e+00   9.8400317e+00   9.9540312e+00   9.7273378e+00   9.6159345e+00
   2.8361315e+00   7.5498612e+00   8.7694324e+00   8.9738021e+00   8.8710288e+00   8.7694324e+00
   2.9022269e+00   6.4254560e+00   7.9058574e+00   8.1838277e+00   8.0901016e+00   7.9974489e+00
   2.9698627e+00   5.6607821e+00   7.0456970e+00   7.4633957e+00   7.4633957e+00   7.2934241e+00
   3.0742832e+00   5.1033332e+00   6.4254560e+00   6.8063842e+00   6.8852380e+00   6.8063842e+00
   3.1459287e+00   4.7079996e+00   5.8598155e+00   6.3518678e+00   6.3518678e+00   6.3518678e+00
   3.2565397e+00   4.4960011e+00   5.4058804e+00   5.9277031e+00   5.9963772e+00   5.9277031e+00
   3.3324326e+00   4.3432908e+00   4.9871097e+00   5.5959514e+00   5.6607821e+00   5.6607821e+00
   3.3710398e+00   4.2443766e+00   4.7079996e+00   5.3439690e+00   5.4058804e+00   5.4058804e+00
