   1.2389293e+01   1.3123783e+01   1.2678023e+01   1.2532826e+01   1.2389293e+01   1.2389293e+01
   1.1169250e+01   1.2107139e+01   1.1695910e+01   1.1429547e+01   1.1298649e+01   1.1169250e+01
   9.9540312e+00   1.1169250e+01   1.0666305e+01   1.0423390e+01   1.0186008e+01   1.0069351e+01
   8.7694324e+00   1.0423390e+01   9.8400317e+00   9.5058070e+00   9.2893215e+00   9.1829346e+00
   7.6373285e+00   9.7273378e+00   9.2893215e+00   8.8710288e+00   8.5697171e+00   8.3745500e+00
   6.4998967e+00   9.1829346e+00   8.7694324e+00   8.4715715e+00   8.0901016e+00   7.8153147e+00
   5.2222653e+00   8.6689996e+00   8.4715715e+00   8.0901016e+00   7.7258091e+00   7.4633957e+00
   3.7825867e+00   8.2786397e+00   8.0901016e+00   7.9058574e+00   7.5498612e+00   7.2098954e+00
   2.6774037e+00   7.9058574e+00   7.8153147e+00   7.6373285e+00   7.3779204e+00   7.0456970e+00
   2.2267622e+00   7.4633957e+00   7.5498612e+00   7.3779204e+00   7.1273234e+00   6.8063842e+00
   2.0780636e+00   6.9650055e+00   7.2098954e+00   7.1273234e+00   6.8852380e+00   6.6513753e+00
   2.1021385e+00   6.3518678e+00   6.8063842e+00   6.7284334e+00   6.5751998e+00   6.3518678e+00
   2.2267622e+00   5.7263639e+00   6.3518678e+00   6.3518678e+00   6.2791224e+00   6.0658469e+00
   2.3587741e+00   5.2222653e+00   5.9277031e+00   5.9963772e+00   5.9277031e+00   5.7927054e+00
   2.5275593e+00   4.8177185e+00   5.5318633e+00   5.6607821e+00   5.6607821e+00   5.5318633e+00
   2.7084222e+00   4.5480886e+00   5.2222653e+00   5.4058804e+00   5.3439690e+00   5.2827667e+00
   2.8361315e+00   4.3432908e+00   4.9299944e+00   5.1624568e+00   5.1624568e+00   5.1033332e+00
   3.0042694e+00   4.2443766e+00   4.7079996e+00   4.9871097e+00   4.9871097e+00   4.9299944e+00
   3.1459287e+00   4.1957674e+00   4.5480886e+00   4.8177185e+00   4.8177185e+00   4.8177185e+00
   3.2192439e+00   4.1477150e+00   4.3936091e+00   4.7079996e+00   4.7079996e+00   4.7079996e+00
