   9.1829346e+00   1.0789877e+01   1.0069351e+01   9.7273378e+00   9.5058070e+00   9.3969409e+00
   7.8153147e+00   1.0069351e+01   9.0777661e+00   8.6689996e+00   8.3745500e+00   8.1838277e+00
   6.4254560e+00   9.2893215e+00   8.2786397e+00   7.6373285e+00   7.2098954e+00   6.9650055e+00
   4.9871097e+00   8.5697171e+00   7.5498612e+00   6.8063842e+00   6.2791224e+00   5.9277031e+00
   3.6122591e+00   7.9974489e+00   6.9650055e+00   6.1361215e+00   5.4685090e+00   4.9871097e+00
   2.5568418e+00   7.3779204e+00   6.4998967e+00   5.6607821e+00   4.9299944e+00   4.3432908e+00
   1.8519694e+00   6.8852380e+00   6.2072101e+00   5.4685090e+00   4.6007795e+00   3.9155827e+00
   1.4374038e+00   6.4254560e+00   5.9963772e+00   5.3439690e+00   4.4960011e+00   3.6964420e+00
   1.1954702e+00   5.9277031e+00   5.8598155e+00   5.3439690e+00   4.5480886e+00   3.7392663e+00
   1.0654026e+00   5.4685090e+00   5.6607821e+00   5.3439690e+00   4.6540808e+00   3.8707391e+00
   1.0174282e+00   4.9871097e+00   5.4685090e+00   5.2827667e+00   4.7625431e+00   4.0532548e+00
   1.0292153e+00   4.5480886e+00   5.2827667e+00   5.2222653e+00   4.8177185e+00   4.2443766e+00
   1.1028622e+00   4.1477150e+00   5.0448868e+00   5.1033332e+00   4.8177185e+00   4.3432908e+00
   1.2518399e+00   3.8707391e+00   4.7625431e+00   4.9871097e+00   4.7625431e+00   4.3432908e+00
   1.4046683e+00   3.6122591e+00   4.4960011e+00   4.8177185e+00   4.6540808e+00   4.3432908e+00
   1.5402591e+00   3.4496012e+00   4.2443766e+00   4.6007795e+00   4.5480886e+00   4.2935488e+00
   1.6504744e+00   3.3324326e+00   4.0068345e+00   4.4445102e+00   4.4445102e+00   4.2443766e+00
   1.7282987e+00   3.2565397e+00   3.8264091e+00   4.2935488e+00   4.2935488e+00   4.1477150e+00
   1.7890658e+00   3.2192439e+00   3.6122591e+00   4.1477150e+00   4.1957674e+00   4.1002129e+00
   1.8519694e+00   3.2192439e+00   3.4895658e+00   4.0068345e+00   4.0532548e+00   4.0068345e+00
