   9.7273378e+00   1.0069351e+01   1.0069351e+01   1.0069351e+01   1.0069351e+01   1.0069351e+01
   8.4715715e+00   9.0777661e+00   9.0777661e+00   9.0777661e+00   8.9738021e+00   8.9738021e+00
   7.2098954e+00   8.0901016e+00   8.0901016e+00   8.0901016e+00   7.9974489e+00   7.9974489e+00
   5.7927054e+00   7.2098954e+00   7.2098954e+00   7.2098954e+00   7.1273234e+00   7.1273234e+00
   4.3936091e+00   6.3518678e+00   6.4254560e+00   6.4254560e+00   6.3518678e+00   6.3518678e+00
   3.1459287e+00   5.5959514e+00   5.7927054e+00   5.7927054e+00   5.7263639e+00   5.7263639e+00
   2.2786564e+00   4.9299944e+00   5.2222653e+00   5.2222653e+00   5.2222653e+00   5.1624568e+00
   1.7085052e+00   4.2443766e+00   4.7079996e+00   4.8177185e+00   4.7625431e+00   4.7079996e+00
   1.3726784e+00   3.6541081e+00   4.2935488e+00   4.3936091e+00   4.3936091e+00   4.3432908e+00
   1.1548651e+00   3.0742832e+00   3.8707391e+00   4.0532548e+00   4.0532548e+00   4.0068345e+00
   1.0057760e+00   2.5568418e+00   3.4496012e+00   3.6964420e+00   3.7392663e+00   3.6964420e+00
   8.9634714e-01   2.0542643e+00   3.0742832e+00   3.3710398e+00   3.4496012e+00   3.4100943e+00
   8.0807883e-01   1.6504744e+00   2.7084222e+00   3.0742832e+00   3.1459287e+00   3.1098996e+00
   7.2015953e-01   1.2958546e+00   2.3587741e+00   2.7715413e+00   2.8361315e+00   2.8361315e+00
   6.4924140e-01   1.0057760e+00   2.0074805e+00   2.4699966e+00   2.5568418e+00   1.7563955e+04
   5.7860368e-01   7.9882422e-01   1.7085052e+00   2.2012600e+00   2.3050553e+00   2.3050553e+00
   5.0974582e-01   6.3445555e-01   1.4374038e+00   1.9392948e+00   2.0780636e+00   2.0780636e+00
   4.5428528e-01   5.2162534e-01   1.1817790e+00   1.7282987e+00   1.8519694e+00   4.5167641e+04
   4.0022218e-01   4.3885511e-01   9.4948639e-01   1.5226192e+00   1.6695957e+00   1.6889384e+00
   3.5667785e-01   3.8220041e-01   7.5411698e-01   1.3414169e+00   1.4879430e+00   1.5226192e+00
