   8.6689996e+00   1.1831410e+01   1.0069351e+01   9.2893215e+00   8.9738021e+00   8.7694324e+00
   7.2934241e+00   1.1429547e+01   9.0777661e+00   8.1838277e+00   7.6373285e+00   7.3779204e+00
   5.8598155e+00   1.1041333e+01   8.2786397e+00   7.0456970e+00   6.4254560e+00   6.0658469e+00
   4.4445102e+00   1.0914881e+01   7.6373285e+00   6.2072101e+00   5.3439690e+00   4.8735331e+00
   3.2565397e+00   1.0789877e+01   7.2934241e+00   5.5318633e+00   4.4445102e+00   3.8707391e+00
   2.3317600e+00   1.0789877e+01   7.2934241e+00   5.1033332e+00   3.8264091e+00   3.1098996e+00
   1.7282987e+00   1.1041333e+01   7.6373285e+00   5.1033332e+00   3.4895658e+00   2.6164284e+00
   1.3569576e+00   1.1298649e+01   8.2786397e+00   5.5318633e+00   3.4100943e+00   2.3050553e+00
   1.1416389e+00   1.1429547e+01   9.1829346e+00   6.4998967e+00   3.7825867e+00   2.2267622e+00
   1.0292153e+00   1.1561961e+01   1.0069351e+01   7.8153147e+00   4.9299944e+00   2.4699966e+00
   9.9425721e-01   1.1695910e+01   1.0789877e+01   9.0777661e+00   6.5751998e+00   3.5708893e+00
   1.0654026e+00   1.1695910e+01   1.1429547e+01   1.0186008e+01   8.1838277e+00   5.5318633e+00
   1.4046683e+00   1.1561961e+01   1.1695910e+01   1.0914881e+01   9.3969409e+00   7.2934241e+00
   2.4417087e+00   1.1561961e+01   1.1968481e+01   1.1429547e+01   1.0304015e+01   8.6689996e+00
   3.5299933e+00   1.1561961e+01   1.2107139e+01   1.1831410e+01   1.0914881e+01   9.6159345e+00
   4.3432908e+00   1.1429547e+01   1.2247403e+01   1.2107139e+01   1.1429547e+01   1.0423390e+01
   5.0448868e+00   1.1561961e+01   1.2247403e+01   1.2247403e+01   1.1831410e+01   1.1041333e+01
   5.5959514e+00   1.1561961e+01   1.2247403e+01   1.2389293e+01   1.1968481e+01   1.1429547e+01
   5.9963772e+00   1.1561961e+01   1.2247403e+01   1.2389293e+01   1.2247403e+01   1.1695910e+01
   6.3518678e+00   1.1561961e+01   1.2247403e+01   1.2532826e+01   1.2247403e+01   1.1968481e+01
