   9.7273378e+00   1.0069351e+01   1.0069351e+01   1.0069351e+01   1.0069351e+01   1.0069351e+01
   8.4715715e+00   9.0777661e+00   9.0777661e+00   9.0777661e+00   9.0777661e+00   9.0777661e+00
   7.2098954e+00   8.0901016e+00   8.0901016e+00   8.0901016e+00   8.0901016e+00   8.0901016e+00
   5.7927054e+00   7.1273234e+00   7.2098954e+00   7.2098954e+00   7.1273234e+00   7.1273234e+00
   4.3936091e+00   6.2791224e+00   6.4254560e+00   6.4254560e+00   6.4254560e+00   6.3518678e+00
   3.1823752e+00   5.5318633e+00   5.7263639e+00   5.7927054e+00   5.7263639e+00   5.7263639e+00
   2.2786564e+00   4.8177185e+00   5.1624568e+00   5.2222653e+00   5.2222653e+00   5.2222653e+00
   1.7282987e+00   4.1957674e+00   4.6540808e+00   4.7625431e+00   4.7625431e+00   4.7625431e+00
   1.3726784e+00   3.5708893e+00   4.1957674e+00   4.3432908e+00   4.3936091e+00   4.3432908e+00
   1.1416389e+00   3.0042694e+00   3.7825867e+00   4.0068345e+00   4.0068345e+00   4.0068345e+00
   9.9425721e-01   2.4417087e+00   3.3710398e+00   3.6541081e+00   3.6964420e+00   3.6964420e+00
   8.7593370e-01   1.9617620e+00   3.0042694e+00   3.2942676e+00   3.3710398e+00   3.3710398e+00
   7.7169151e-01   1.5581035e+00   2.6164284e+00   2.9698627e+00   3.0742832e+00   3.0742832e+00
   6.8773117e-01   1.1954702e+00   2.2525598e+00   2.6774037e+00   2.7715413e+00   6.7517244e+03
   6.0588639e-01   9.1723631e-01   1.9170848e+00   2.3861011e+00   1.4607715e+04   6.4476982e+03
   5.2766851e-01   7.0375859e-01   1.6128865e+00   2.1021385e+00   1.5834334e+04   1.5473722e+04
   4.5428528e-01   5.4622137e-01   1.3414169e+00   1.8519694e+00   1.9844896e+00   2.0074805e+00
   3.9563859e-01   4.2886061e-01   1.0902316e+00   1.6315722e+00   1.7685763e+00   1.7890658e+00
   3.4061685e-01   3.4855485e-01   8.6590198e-01   1.4374038e+00   1.5761545e+00   1.6128865e+00
   2.9324703e-01   2.8656861e-01   6.7206876e-01   1.2518399e+00   1.4046683e+00   1.4374038e+00
