   9.6159345e+00   1.0186008e+01   1.0069351e+01   1.0069351e+01   9.9540312e+00   9.9540312e+00
   8.4715715e+00   9.1829346e+00   9.0777661e+00   8.9738021e+00   8.9738021e+00   8.9738021e+00
   7.1273234e+00   8.1838277e+00   8.0901016e+00   7.9974489e+00   7.9974489e+00   7.9974489e+00
   5.7263639e+00   7.2934241e+00   7.2098954e+00   7.1273234e+00   7.1273234e+00   7.0456970e+00
   4.3432908e+00   6.4998967e+00   6.4998967e+00   6.4254560e+00   6.3518678e+00   6.2791224e+00
   3.1098996e+00   5.7263639e+00   5.8598155e+00   5.7927054e+00   5.7263639e+00   5.6607821e+00
   2.2267622e+00   5.0448868e+00   5.2827667e+00   5.2827667e+00   5.2222653e+00   5.1033332e+00
   1.6889384e+00   4.4445102e+00   4.8177185e+00   4.8735331e+00   4.7625431e+00   4.7079996e+00
   1.3569576e+00   3.8264091e+00   4.3936091e+00   4.4960011e+00   4.4445102e+00   4.3432908e+00
   1.1548651e+00   3.2565397e+00   4.0068345e+00   4.1477150e+00   4.1477150e+00   4.0532548e+00
   1.0174282e+00   2.7398000e+00   3.6122591e+00   3.8264091e+00   3.8264091e+00   3.7392663e+00
   9.2786275e-01   2.2525598e+00   3.2565397e+00   3.5299933e+00   3.5299933e+00   3.4895658e+00
   8.5598516e-01   1.8307596e+00   2.8689889e+00   3.2192439e+00   3.2565397e+00   3.2192439e+00
   7.8063177e-01   1.4709022e+00   2.5275593e+00   2.9022269e+00   2.9698627e+00   2.9358500e+00
   7.2015953e-01   1.1817790e+00   2.2012600e+00   2.6467405e+00   2.7084222e+00   2.7084222e+00
   6.6437182e-01   9.7161396e-01   1.8734250e+00   2.3587741e+00   2.4699966e+00   2.4417087e+00
   6.0588639e-01   8.1744065e-01   1.5944147e+00   2.1264924e+00   2.2267622e+00   2.2267622e+00
   5.5254949e-01   7.0375859e-01   1.3414169e+00   1.8951292e+00   2.0074805e+00   2.0307377e+00
   5.0974582e-01   6.2718938e-01   1.1156392e+00   1.6889384e+00   1.8307596e+00   1.8519694e+00
   4.7025797e-01   5.7860368e-01   9.1723631e-01   1.5226192e+00   1.6504744e+00   1.6695957e+00
