   3.3362734e+01   3.3749250e+01   3.3749250e+01   3.3749250e+01   3.3749250e+01   3.3749250e+01
   3.0077319e+01   3.0778264e+01   3.0425773e+01   3.0425773e+01   3.0425773e+01   3.0425773e+01
   2.6804895e+01   2.7747356e+01   2.7429577e+01   2.7429577e+01   2.7115437e+01   2.7115437e+01
   2.3614926e+01   2.4728433e+01   2.4445228e+01   2.4445228e+01   2.4445228e+01   2.4445228e+01
   2.0330782e+01   2.2293286e+01   2.2037970e+01   2.2037970e+01   2.2037970e+01   2.1785578e+01
   1.6715199e+01   2.0097941e+01   2.0097941e+01   1.9867768e+01   1.9867768e+01   1.9867768e+01
   1.2532826e+01   1.8328696e+01   1.8328696e+01   1.8118785e+01   1.8118785e+01   1.7911278e+01
   7.8153147e+00   1.6523767e+01   1.6715199e+01   1.6523767e+01   1.6523767e+01   1.6523767e+01
   4.9299944e+00   1.4725974e+01   1.5069160e+01   1.5069160e+01   1.5069160e+01   1.4896579e+01
   3.6964420e+00   1.2824901e+01   1.3585216e+01   1.3585216e+01   1.3585216e+01   1.3429630e+01
   3.0742832e+00   1.0789877e+01   1.1831410e+01   1.1968481e+01   1.1968481e+01   1.1831410e+01
   1.4896579e+01   8.5697171e+00   1.0069351e+01   1.0423390e+01   1.0423390e+01   1.0304015e+01
   1.5962524e+01   6.5751998e+00   8.4715715e+00   8.8710288e+00   8.9738021e+00   8.8710288e+00
   1.4725974e+01   5.0448868e+00   7.1273234e+00   7.6373285e+00   7.7258091e+00   7.6373285e+00
   1.1169250e+01   3.9609458e+00   5.9963772e+00   6.5751998e+00   6.6513753e+00   6.6513753e+00
   2.0780636e+00   3.1823752e+00   5.0448868e+00   5.7263639e+00   5.7927054e+00   5.7927054e+00
   1.9844896e+00   2.6467405e+00   4.2935488e+00   4.9871097e+00   5.1624568e+00   5.1624568e+00
   1.8734250e+00   2.2786564e+00   3.6122591e+00   4.4445102e+00   4.5480886e+00   4.6007795e+00
   1.7890658e+00   2.0542643e+00   3.0742832e+00   3.9609458e+00   4.1002129e+00   4.1002129e+00
   1.7282987e+00   1.8951292e+00   2.6164284e+00   3.5299933e+00   3.6964420e+00   3.7392663e+00
