   3.3362734e+01   3.4935876e+01   3.4140245e+01   3.3749250e+01   3.3362734e+01   3.3362734e+01
   3.0077319e+01   3.2229541e+01   3.1134839e+01   3.0778264e+01   3.0425773e+01   3.0077319e+01
   2.6497909e+01   3.0077319e+01   2.8722955e+01   2.7747356e+01   2.7429577e+01   2.7115437e+01
   2.3614926e+01   2.7747356e+01   2.6497909e+01   2.5597886e+01   2.5014919e+01   2.4445228e+01
   2.0566319e+01   2.5894445e+01   2.4728433e+01   2.3888512e+01   2.3077119e+01   2.2551560e+01
   1.7503365e+01   2.4728433e+01   2.3614926e+01   2.2551560e+01   2.1785578e+01   2.1045613e+01
   1.4062872e+01   2.3344474e+01   2.2551560e+01   2.1785578e+01   2.0804586e+01   2.0097941e+01
   1.0069351e+01   2.2293286e+01   2.1785578e+01   2.1045613e+01   2.0330782e+01   1.9415299e+01
   7.2098954e+00   2.1289432e+01   2.1045613e+01   2.0566319e+01   1.9640230e+01   1.8755842e+01
   5.9277031e+00   2.0097941e+01   2.0330782e+01   1.9867768e+01   1.9192943e+01   1.8328696e+01
   5.5959514e+00   1.8541039e+01   1.9192943e+01   1.8973134e+01   1.8541039e+01   1.7706147e+01
   5.6607821e+00   1.7104743e+01   1.8118785e+01   1.8118785e+01   1.7706147e+01   1.7104743e+01
   5.9277031e+00   1.5420343e+01   1.6908849e+01   1.7104743e+01   1.6715199e+01   1.6334527e+01
   6.3518678e+00   1.4062872e+01   1.5962524e+01   1.6147454e+01   1.5962524e+01   1.5420343e+01
   6.8063842e+00   1.2973481e+01   1.4896579e+01   1.5243740e+01   1.5069160e+01   1.4725974e+01
   7.2098954e+00   1.2107139e+01   1.4062872e+01   1.4557324e+01   1.4390605e+01   1.4225795e+01
   7.6373285e+00   1.1695910e+01   1.3275825e+01   1.3901816e+01   1.3901816e+01   1.3585216e+01
   8.0901016e+00   1.1429547e+01   1.2678023e+01   1.3275825e+01   1.3429630e+01   1.3275825e+01
   8.3745500e+00   1.1169250e+01   1.2107139e+01   1.2973481e+01   1.2973481e+01   1.2824901e+01
   8.6689996e+00   1.1041333e+01   1.1831410e+01   1.2532826e+01   1.2678023e+01   1.2532826e+01
