   3.0077319e+01   4.0579263e+01   3.4935876e+01   3.2602930e+01   3.1134839e+01   3.0077319e+01
   2.6194439e+01   4.0114525e+01   3.3362734e+01   2.9732855e+01   2.7429577e+01   2.6194439e+01
   2.2293286e+01   4.0114525e+01   3.2602930e+01   2.7747356e+01   2.4445228e+01   2.2812826e+01
   1.9192943e+01   4.0579263e+01   3.2980644e+01   2.7115437e+01   2.2812826e+01   1.9867768e+01
   1.6523767e+01   4.1049385e+01   3.4535769e+01   2.8394002e+01   2.2551560e+01   1.8541039e+01
   1.4896579e+01   4.1524953e+01   3.6164223e+01   3.0778264e+01   2.4728433e+01   1.8973134e+01
   1.4557324e+01   4.2492683e+01   3.7869463e+01   3.3362734e+01   2.8068817e+01   2.1785578e+01
   1.5962524e+01   4.2984973e+01   3.9655109e+01   3.6164223e+01   3.1134839e+01   2.5597886e+01
   1.7706147e+01   4.3482966e+01   4.1049385e+01   3.8308191e+01   3.4140245e+01   2.9392337e+01
   1.8541039e+01   4.3986728e+01   4.2492683e+01   4.0114525e+01   3.7007022e+01   3.2980644e+01
   1.9192943e+01   4.3986728e+01   4.2984973e+01   4.1524953e+01   3.8752002e+01   3.5750049e+01
   2.0097941e+01   4.3986728e+01   4.3986728e+01   4.2492683e+01   4.0579263e+01   3.7869463e+01
   2.1536076e+01   4.3482966e+01   4.3986728e+01   4.2984973e+01   4.1524953e+01   3.9200955e+01
   2.3344474e+01   4.2984973e+01   4.3986728e+01   4.3482966e+01   4.2006032e+01   4.0579263e+01
   2.5304724e+01   4.2006032e+01   4.3482966e+01   4.3482966e+01   4.2492683e+01   4.1049385e+01
   2.7429577e+01   4.1524953e+01   4.2984973e+01   4.2984973e+01   4.2492683e+01   4.1524953e+01
   2.9392337e+01   4.1049385e+01   4.2984973e+01   4.2984973e+01   4.2492683e+01   4.1524953e+01
   3.1134839e+01   4.0579263e+01   4.2492683e+01   4.2984973e+01   4.2492683e+01   4.2006032e+01
   3.2229541e+01   4.0579263e+01   4.2006032e+01   4.2492683e+01   4.2492683e+01   4.2006032e+01
   3.3362734e+01   4.0579263e+01   4.2006032e+01   4.2492683e+01   4.2492683e+01   4.2006032e+01
