90.0000	0.595035	284.197	1.08049	0.0328661
89.9000	0.595035	284.197	1.08049	0.0328661
89.8000	0.750569	284.227	1.08082	0.0330386
89.7000	0.661977	284.17	1.08019	0.0327985
89.6000	0.661977	284.17	1.08019	0.0327985
89.5000	0.725591	284.16	1.08007	0.0322593
89.4000	0.648637	284.184	1.08034	0.0326909
89.3000	0.675713	284.153	1.08	0.0326976
89.2000	0.671956	284.159	1.08007	0.0324403
89.1000	0.763962	284.126	1.07971	0.0328073
89.0000	0.709929	284.13	1.07975	0.0326181
88.9000	0.556754	284.197	1.08049	0.0321358
88.8000	0.520317	284.078	1.07918	0.0321744
88.7000	0.539894	284.134	1.07979	0.0324617
88.6000	0.659619	284.167	1.08015	0.0323037
88.5000	0.671019	284.122	1.07966	0.032411
88.4000	0.894182	284.13	1.07974	0.0325955
88.3000	0.669412	284.145	1.07991	0.0324642
88.2000	0.899298	284.208	1.08061	0.0323422
88.1000	0.727486	284.225	1.08079	0.0319744
88.0000	0.775156	284.11	1.07953	0.0331849
87.9000	0.627481	284.149	1.07996	0.0320709
87.8000	0.614215	284.078	1.07917	0.0322403
87.7000	0.741371	284.165	1.08013	0.0319607
87.6000	0.706783	284.159	1.08006	0.0311587
87.5000	0.81244	284.17	1.08018	0.0322515
87.4000	0.787622	284.146	1.07993	0.0314513
87.3000	0.586186	284.172	1.08021	0.0326969
87.2000	0.58627	284.117	1.07961	0.0316263
87.1000	0.706493	284.124	1.07969	0.0321148
87.0000	0.784781	284.136	1.07982	0.0329837
86.9000	0.550134	284.086	1.07926	0.0318071
86.8000	0.591702	284.117	1.07961	0.0322139
86.7000	0.52995	284.113	1.07956	0.0319638
86.6000	0.730493	284.215	1.08068	0.031464
86.5000	0.639128	284.119	1.07963	0.0323486
86.4000	0.569907	284.153	1.08	0.0319504
86.3000	0.753972	284.202	1.08054	0.0324162
86.2000	0.770325	284.125	1.07969	0.0329531
86.1000	0.823689	284.088	1.07929	0.0325842
86.0000	0.786717	284.122	1.07966	0.0323407
85.9000	0.654608	284.136	1.07981	0.0326071
85.8000	0.783685	284.162	1.0801	0.0319651
85.7000	0.884956	284.117	1.0796	0.0336656
85.6000	0.736795	284.099	1.07941	0.0325071
85.5000	0.5578	284.168	1.08017	0.032312
85.4000	0.636705	284.145	1.07991	0.032933
85.3000	0.764206	284.213	1.08066	0.0320308
85.2000	0.621648	284.147	1.07993	0.0326692
85.1000	0.737247	284.159	1.08007	0.0317376
85.0000	0.795555	284.199	1.08051	0.0331603
84.9000	0.711485	284.138	1.07983	0.0334171
84.8000	0.645168	284.137	1.07982	0.03239
84.7000	0.612077	284.109	1.07952	0.0323739
84.6000	0.599194	284.168	1.08017	0.0320822
84.5000	0.733804	284.12	1.07964	0.0329085
84.4000	0.747356	284.172	1.08021	0.0321713
84.3000	0.670088	284.119	1.07962	0.0322347
84.2000	0.603592	284.14	1.07986	0.0320472
84.1000	0.698784	284.201	1.08053	0.0327899
84.0000	0.621497	284.128	1.07973	0.0323431
83.9000	0.64803	284.131	1.07976	0.0326487
83.8000	0.631194	284.15	1.07996	0.0325322
83.7000	0.740503	284.131	1.07976	0.0329985
83.6000	0.737257	284.15	1.07996	0.0329194
83.5000	0.706355	284.181	1.08031	0.0327717
83.4000	0.633444	284.208	1.08061	0.0316483
83.3000	0.470892	284.09	1.07931	0.0321768
83.2000	0.628876	284.174	1.08023	0.0321137
83.1000	0.717036	284.139	1.07985	0.0326496
83.0000	0.953386	284.158	1.08005	0.0320334
82.9000	0.509749	284.202	1.08054	0.0319227
82.8000	0.615982	284.173	1.08023	0.0322155
82.7000	0.565347	284.24	1.08096	0.0335355
82.6000	0.776273	284.175	1.08024	0.0321518
82.5000	0.725572	284.127	1.07972	0.0328738
82.4000	0.782593	284.14	1.07986	0.0324312
82.3000	0.714528	284.144	1.0799	0.0318188
82.2000	0.641196	284.101	1.07942	0.0333675
82.1000	0.650761	284.112	1.07955	0.0336153
82.0000	0.713487	284.217	1.08071	0.0323688
81.9000	0.53306	284.216	1.08069	0.0329181
81.8000	0.749065	284.089	1.07929	0.0334554
81.7000	0.733606	284.088	1.07929	0.032253
81.6000	0.694731	284.165	1.08013	0.0329209
81.5000	0.532938	284.177	1.08026	0.0326386
81.4000	0.810693	284.184	1.08035	0.0322675
81.3000	0.657961	284.107	1.0795	0.0323651
81.2000	0.758897	284.185	1.08035	0.0325378
81.1000	0.458691	284.133	1.07978	0.0326425
81.0000	0.772105	284.047	1.07883	0.0331448
80.9000	0.432672	284.062	1.079	0.0330188
80.8000	0.567581	284.038	1.07874	0.0329407
80.7000	0.805254	284.135	1.0798	0.0331608
80.6000	0.467485	284.165	1.08013	0.0329017
80.5000	0.534413	284.151	1.07998	0.0325578
80.4000	0.775456	284.154	1.08001	0.0326643
80.3000	0.618369	284.259	1.08117	0.0330106
80.2000	0.785237	284.119	1.07962	0.03312
80.1000	0.602551	284.073	1.07912	0.032442
80.0000	0.706117	284.216	1.0807	0.0326944
79.9000	0.63381	284.093	1.07934	0.0328507
79.8000	0.626807	284.176	1.08025	0.0331601
79.7000	0.715442	284.172	1.08021	0.0336741
79.6000	0.633124	284.212	1.08065	0.0334142
79.5000	0.631813	284.058	1.07896	0.0335766
79.4000	0.681873	284.182	1.08033	0.0332889
79.3000	0.869658	284.158	1.08006	0.0335226
79.2000	0.700945	284.193	1.08044	0.033917
79.1000	0.542146	284.239	1.08095	0.0325181
79.0000	0.579811	284.164	1.08012	0.0333424
78.9000	0.768347	284.142	1.07988	0.0332127
78.8000	0.850304	284.147	1.07993	0.0329123
78.7000	0.595496	284.15	1.07996	0.0329836
78.6000	0.737656	284.197	1.08048	0.0331393
78.5000	0.532585	284.216	1.08069	0.0327984
78.4000	0.452254	284.18	1.0803	0.033871
78.3000	0.758485	284.131	1.07976	0.0334536
78.2000	0.70666	284.129	1.07974	0.0332741
78.1000	0.654398	284.196	1.08047	0.033192
78.0000	0.678217	284.073	1.07911	0.0337315
77.9000	0.672797	284.214	1.08068	0.0332842
77.8000	0.665184	284.159	1.08006	0.0335416
77.7000	0.56485	284.229	1.08084	0.0334305
77.6000	0.695552	284.12	1.07964	0.0332968
77.5000	0.751503	284.151	1.07998	0.0330918
77.4000	0.710063	284.246	1.08102	0.0336874
77.3000	0.652409	284.183	1.08034	0.033744
77.2000	0.735445	284.218	1.08072	0.0339436
77.1000	0.715703	284.223	1.08078	0.0336135
77.0000	0.590279	284.203	1.08055	0.0338061
76.9000	0.527574	284.144	1.0799	0.0332849
76.8000	0.56066	284.142	1.07988	0.0335439
76.7000	0.577602	284.243	1.08099	0.0340264
76.6000	0.630676	284.138	1.07983	0.0341427
76.5000	0.668593	284.176	1.08025	0.0333875
76.4000	0.754938	284.229	1.08084	0.0341149
76.3000	0.542851	284.153	1.08	0.0338582
76.2000	0.813518	284.176	1.08026	0.033656
76.1000	0.609268	284.159	1.08007	0.0347577
76.0000	0.569392	284.183	1.08033	0.0343622
75.9000	0.655963	284.121	1.07965	0.033948
75.8000	0.780785	284.132	1.07977	0.0344001
75.7000	0.759494	284.222	1.08076	0.0341615
75.6000	0.664807	284.13	1.07974	0.0341983
75.5000	0.729341	284.179	1.08029	0.0341076
75.4000	0.737488	284.121	1.07965	0.0337884
75.3000	0.63187	284.117	1.0796	0.0336755
75.2000	0.819691	284.159	1.08007	0.0337156
75.1000	0.758411	284.203	1.08055	0.0338934
75.0000	0.749113	284.148	1.07994	0.0326773
74.9000	0.811229	284.235	1.0809	0.0329913
74.8000	0.642934	284.152	1.07999	0.0346328
74.7000	0.709373	284.207	1.08059	0.0332214
74.6000	0.793715	284.188	1.08038	0.0341386
74.5000	0.719075	284.196	1.08047	0.0342896
74.4000	0.835898	284.172	1.08021	0.0344017
74.3000	0.762231	284.191	1.08042	0.0341926
74.2000	0.685121	284.183	1.08033	0.0335569
74.1000	0.628455	284.145	1.07991	0.0336235
74.0000	0.64805	284.121	1.07965	0.0344384
73.9000	0.624164	284.238	1.08094	0.0342747
73.8000	0.592761	284.194	1.08046	0.0339171
73.7000	0.819795	284.179	1.08029	0.0339993
73.6000	0.701379	284.181	1.08031	0.0344854
73.5000	0.613033	284.208	1.0806	0.0338759
73.4000	0.855917	284.117	1.0796	0.0344862
73.3000	0.888489	284.157	1.08005	0.0349998
73.2000	0.807663	284.136	1.07981	0.0343659
73.1000	0.698961	284.176	1.08025	0.0347223
73.0000	0.658115	284.208	1.08061	0.0339874
72.9000	0.696074	284.174	1.08024	0.0344579
72.8000	0.628745	284.116	1.07959	0.034466
72.7000	0.563255	284.148	1.07994	0.0343714
72.6000	0.814851	284.249	1.08106	0.0348654
72.5000	0.581149	284.191	1.08042	0.0345535
72.4000	0.543422	284.131	1.07976	0.0344107
72.3000	0.646606	284.235	1.08091	0.0346246
72.2000	0.402081	284.176	1.08026	0.035549
72.1000	0.652919	284.193	1.08044	0.0347657
72.0000	1.02932	284.148	1.07995	0.0343259
71.9000	0.682132	284.14	1.07986	0.0353042
71.8000	0.568245	284.219	1.08073	0.0354849
71.7000	0.658604	284.176	1.08025	0.0348293
71.6000	0.708585	284.237	1.08092	0.0346322
71.5000	0.570862	284.164	1.08012	0.0351236
71.4000	0.723268	284.169	1.08018	0.0353136
71.3000	0.68391	284.207	1.0806	0.0348006
71.2000	0.658716	284.18	1.0803	0.0352418
71.1000	0.705905	284.179	1.08028	0.0353489
71.0000	0.690607	284.248	1.08104	0.0353472
70.9000	0.625034	284.127	1.07972	0.0340995
70.8000	0.576352	284.166	1.08015	0.0359405
70.7000	0.807037	284.104	1.07946	0.0348281
70.6000	0.777863	284.147	1.07994	0.034552
70.5000	0.702451	284.158	1.08006	0.0360635
70.4000	0.727811	284.158	1.08005	0.0345688
70.3000	0.649239	284.15	1.07996	0.0345689
70.2000	0.689294	284.095	1.07937	0.0353921
70.1000	0.760112	284.159	1.08006	0.0349556
70.0000	0.689215	284.134	1.07979	0.0357595
69.9000	0.557767	284.12	1.07964	0.0352384
69.8000	0.535197	284.091	1.07932	0.035445
69.7000	0.712105	284.138	1.07984	0.0353741
69.6000	0.703238	284.182	1.08032	0.0351619
69.5000	0.560098	284.102	1.07944	0.0352838
69.4000	0.742964	284.066	1.07905	0.0354499
69.3000	0.811958	284.049	1.07885	0.035705
69.2000	0.60766	284.014	1.07847	0.0364418
69.1000	0.634724	284.099	1.0794	0.0358033
69.0000	0.7823	284.01	1.07842	0.0357854
68.9000	0.731126	284.07	1.07908	0.0355727
68.8000	0.808875	284.061	1.07899	0.0357616
68.7000	0.687427	284.188	1.08039	0.0349804
68.6000	0.723097	284.047	1.07883	0.0352119
68.5000	0.797374	284.151	1.07998	0.0358026
68.4000	0.743257	284.144	1.0799	0.0366884
68.3000	0.638318	284.025	1.07859	0.0365496
68.2000	0.386418	284.088	1.07929	0.0352018
68.1000	0.682964	284.111	1.07954	0.0360176
68.0000	0.843961	284.101	1.07942	0.0351195
67.9000	0.754391	284.07	1.07909	0.0368969
67.8000	0.64782	284.085	1.07926	0.0363764
67.7000	0.692262	284.127	1.07971	0.0367677
67.6000	0.635541	284.145	1.07991	0.0354097
67.5000	0.699969	284.128	1.07973	0.0358806
67.4000	0.754482	284.139	1.07985	0.0363188
67.3000	0.623451	284.105	1.07948	0.0363912
67.2000	0.660527	284.068	1.07906	0.0362018
67.1000	0.76907	284.098	1.07939	0.0359024
67.0000	0.716797	284.094	1.07935	0.0362475
66.9000	0.50168	284.159	1.08007	0.0364612
66.8000	0.861923	284.084	1.07924	0.0364091
66.7000	0.799559	284.096	1.07937	0.0363908
66.6000	0.935884	284.06	1.07898	0.036329
66.5000	0.784245	284.069	1.07908	0.0364234
66.4000	0.660966	284.057	1.07894	0.036302
66.3000	0.675465	284.033	1.07868	0.0361001
66.2000	0.634097	284.06	1.07898	0.0368287
66.1000	0.596823	284.128	1.07973	0.0369081
66.0000	0.784352	284.111	1.07953	0.0363035
65.9000	0.751489	284.076	1.07916	0.0363327
65.8000	0.728558	283.996	1.07827	0.0364659
65.7000	0.933226	284.1	1.07942	0.0374999
65.6000	0.848232	283.992	1.07823	0.0366294
65.5000	0.783174	284.008	1.07841	0.0370427
65.4000	0.667506	284.082	1.07922	0.0365066
65.3000	0.89852	284.043	1.07879	0.0368993
65.2000	0.647063	284.017	1.0785	0.0369262
65.1000	0.458289	284.033	1.07868	0.036203
65.0000	0.67534	283.992	1.07822	0.0370358
64.9000	0.619005	284.021	1.07854	0.0376091
64.8000	0.69292	284.045	1.07881	0.0368961
64.7000	0.706775	284.03	1.07864	0.0374678
64.6000	0.707268	284.075	1.07914	0.0366163
64.5000	0.628836	284.044	1.07879	0.0374881
64.4000	0.679407	284.004	1.07835	0.0366142
64.3000	0.565086	284.024	1.07858	0.0378242
64.2000	0.765323	284	1.07831	0.0370803
64.1000	0.615678	284.039	1.07875	0.0372953
64.0000	0.757294	284.005	1.07837	0.037326
63.9000	0.760417	283.922	1.07745	0.0378161
63.8000	0.682152	284.059	1.07896	0.0380716
63.7000	0.586499	284.051	1.07887	0.0379707
63.6000	0.605202	284.035	1.0787	0.0381203
63.5000	0.761542	283.981	1.07811	0.0382877
63.4000	0.813039	283.991	1.07822	0.0386304
63.3000	0.774763	284.029	1.07863	0.0381146
63.2000	0.763391	283.964	1.07792	0.0386873
63.1000	0.635538	283.985	1.07815	0.0382557
63.0000	0.654102	284.064	1.07902	0.0381434
62.9000	0.715506	283.912	1.07735	0.0379646
62.8000	0.634061	283.918	1.07741	0.0388894
62.7000	0.733652	283.925	1.07749	0.03904
62.6000	0.76369	284.024	1.07858	0.0386652
62.5000	0.805414	283.996	1.07827	0.0385115
62.4000	0.762285	283.943	1.07769	0.0384928
62.3000	0.68927	283.953	1.0778	0.0390976
62.2000	0.668835	283.928	1.07752	0.038497
62.1000	0.594548	283.979	1.07809	0.0392384
62.0000	0.539867	284.034	1.07869	0.0393475
61.9000	0.838077	284.01	1.07842	0.0397163
61.8000	0.826326	283.95	1.07776	0.0385642
61.7000	0.826776	283.956	1.07783	0.0387442
61.6000	0.637607	283.963	1.0779	0.0393635
61.5000	0.922125	283.877	1.07696	0.0391336
61.4000	0.831693	284.023	1.07857	0.0395444
61.3000	0.811604	283.879	1.07699	0.0395634
61.2000	0.642361	283.912	1.07735	0.0388077
61.1000	0.848358	283.958	1.07785	0.039606
61.0000	0.606749	283.93	1.07754	0.0397843
60.9000	0.74489	283.912	1.07734	0.0396198
60.8000	0.796864	283.898	1.07719	0.0396725
60.7000	0.619937	283.951	1.07777	0.0399765
60.6000	0.760533	283.933	1.07758	0.0402157
60.5000	0.7321	283.894	1.07715	0.039838
60.4000	0.808455	283.907	1.07729	0.0399871
60.3000	0.702005	283.897	1.07718	0.0401079
60.2000	0.719794	283.937	1.07762	0.0412043
60.1000	0.806628	283.91	1.07732	0.0397306
60.0000	0.676183	283.919	1.07742	0.03971
59.9000	0.761711	283.937	1.07763	0.040397
59.8000	0.716663	283.923	1.07747	0.0399827
59.7000	0.781876	283.974	1.07803	0.0411067
59.6000	0.746066	283.969	1.07798	0.0402753
59.5000	0.679976	283.897	1.07718	0.0412837
59.4000	0.622649	283.903	1.07725	0.0411203
59.3000	0.607552	283.862	1.07679	0.0402537
59.2000	0.809538	283.805	1.07616	0.0409625
59.1000	0.610115	283.906	1.07728	0.0414167
59.0000	0.540492	283.824	1.07637	0.0410068
58.9000	0.713632	283.816	1.07629	0.0417434
58.8000	0.552736	283.934	1.07759	0.0415696
58.7000	0.702805	283.904	1.07725	0.0413741
58.6000	0.731084	283.818	1.0763	0.0416651
58.5000	0.753871	283.885	1.07704	0.0424361
58.4000	0.912256	283.859	1.07676	0.0421395
58.3000	0.751381	283.912	1.07734	0.0424519
58.2000	0.720538	283.832	1.07647	0.0418835
58.1000	0.775502	283.757	1.07564	0.0415533
58.0000	0.830074	283.807	1.07619	0.0426127
57.9000	0.89503	283.793	1.07603	0.0413171
57.8000	0.561005	283.873	1.07691	0.0422524
57.7000	0.818802	283.832	1.07646	0.0425365
57.6000	0.837224	283.803	1.07614	0.0424742
57.5000	0.854408	283.884	1.07703	0.0436484
57.4000	0.78396	283.878	1.07697	0.0441932
57.3000	0.642612	283.799	1.0761	0.0431332
57.2000	0.734447	283.779	1.07588	0.0442554
57.1000	0.739609	283.868	1.07686	0.0437303
57.0000	0.733333	283.768	1.07575	0.0436541
56.9000	0.877003	283.828	1.07641	0.0433385
56.8000	0.659023	283.759	1.07565	0.0433158
56.7000	0.759349	283.73	1.07534	0.0435929
56.6000	0.822368	283.736	1.0754	0.0436097
56.5000	0.787018	283.743	1.07548	0.0437454
56.4000	0.66129	283.763	1.0757	0.0438136
56.3000	0.673563	283.815	1.07628	0.0432887
56.2000	0.786765	283.761	1.07568	0.0453014
56.1000	0.52644	283.716	1.07519	0.0443141
56.0000	0.619612	283.78	1.07589	0.0448544
55.9000	0.806386	283.766	1.07574	0.0450167
55.8000	0.721907	283.713	1.07515	0.0448061
55.7000	0.893156	283.716	1.07519	0.045254
55.6000	0.731734	283.773	1.07581	0.0455693
55.5000	0.803819	283.705	1.07506	0.0447928
55.4000	0.783546	283.686	1.07486	0.0455903
55.3000	0.643112	283.767	1.07575	0.0456188
55.2000	0.65195	283.737	1.07541	0.0454242
55.1000	0.655659	283.724	1.07527	0.0455186
55.0000	0.816815	283.618	1.0741	0.04558
54.9000	0.78665	283.719	1.07522	0.046533
54.8000	0.58213	283.709	1.07511	0.0459701
54.7000	0.819153	283.769	1.07577	0.0461358
54.6000	0.712874	283.634	1.07428	0.0470735
54.5000	0.736073	283.689	1.07488	0.0471251
54.4000	0.65634	283.691	1.0749	0.0472035
54.3000	0.916855	283.661	1.07458	0.0468562
54.2000	0.94093	283.746	1.07552	0.0471581
54.1000	0.60513	283.56	1.07346	0.0475758
54.0000	0.903816	283.644	1.07439	0.0481082
53.9000	0.901912	283.64	1.07434	0.0482173
53.8000	0.711423	283.663	1.0746	0.0480168
53.7000	0.587483	283.647	1.07442	0.0472402
53.6000	0.766832	283.609	1.074	0.0485087
53.5000	0.597836	283.561	1.07347	0.0485427
53.4000	0.877319	283.59	1.0738	0.0476673
53.3000	0.658371	283.606	1.07397	0.0490563
53.2000	0.889461	283.608	1.07399	0.0498051
53.1000	0.734544	283.498	1.07278	0.048976
53.0000	0.880238	283.569	1.07356	0.0483254
52.9000	0.767699	283.561	1.07348	0.0497476
52.8000	0.92099	283.537	1.07321	0.049829
52.7000	0.81861	283.59	1.0738	0.0494681
52.6000	0.955019	283.502	1.07282	0.0500669
52.5000	0.764748	283.463	1.0724	0.0509832
52.4000	0.774907	283.503	1.07283	0.0509615
52.3000	0.692831	283.555	1.07341	0.0502633
52.2000	0.785341	283.417	1.07188	0.0509313
52.1000	0.667282	283.466	1.07242	0.0514821
52.0000	0.708777	283.452	1.07227	0.0505724
51.9000	0.836322	283.455	1.0723	0.0503132
51.8000	0.915276	283.508	1.07289	0.0494884
51.7000	0.842686	283.449	1.07224	0.0517769
51.6000	0.882091	283.543	1.07327	0.0521977
51.5000	0.745937	283.437	1.0721	0.0521144
51.4000	0.80847	283.329	1.07091	0.0512908
51.3000	0.792068	283.382	1.0715	0.0517611
51.2000	0.809052	283.43	1.07203	0.0518197
51.1000	0.827417	283.578	1.07366	0.0521236
51.0000	0.718642	283.449	1.07224	0.0521574
50.9000	0.862001	283.3	1.07059	0.0523434
50.8000	0.841388	283.401	1.0717	0.0530154
50.7000	0.780278	283.393	1.07162	0.0523921
50.6000	0.910646	283.379	1.07146	0.052299
50.5000	1.01357	283.417	1.07188	0.0527566
50.4000	0.620032	283.362	1.07128	0.05496
50.3000	0.994455	283.319	1.0708	0.0547835
50.2000	0.86722	283.37	1.07136	0.0535664
50.1000	0.695938	283.336	1.071	0.05418
50.0000	0.745712	283.424	1.07196	0.0538379
49.9000	0.800859	283.384	1.07152	0.0543554
49.8000	0.868678	283.366	1.07132	0.0549492
49.7000	0.858981	283.271	1.07028	0.0542462
49.6000	0.880183	283.254	1.07008	0.0552706
49.5000	0.82204	283.329	1.07091	0.0547452
49.4000	0.738782	283.285	1.07043	0.0561648
49.3000	0.839055	283.174	1.0692	0.0547657
49.2000	0.788635	283.31	1.0707	0.0554505
49.1000	0.857225	283.285	1.07042	0.0559173
49.0000	0.871951	283.312	1.07073	0.0562036
48.9000	0.761838	283.282	1.07039	0.0570778
48.8000	0.765993	283.186	1.06933	0.055795
48.7000	0.566721	283.197	1.06946	0.0577368
48.6000	0.661897	283.274	1.0703	0.0571542
48.5000	0.775034	283.238	1.06991	0.0576444
48.4000	0.794603	283.184	1.06932	0.0579491
48.3000	0.781349	283.192	1.0694	0.0574046
48.2000	0.807019	283.279	1.07036	0.0578176
48.1000	0.873853	283.219	1.0697	0.0579153
48.0000	0.652711	283.176	1.06922	0.0580496
47.9000	0.924286	283.173	1.06919	0.0587257
47.8000	0.875531	283.18	1.06927	0.0602043
47.7000	0.890787	283.133	1.06875	0.0593365
47.6000	0.774887	283.121	1.06862	0.0592789
47.5000	0.743225	283.15	1.06894	0.0599528
47.4000	0.862292	283.103	1.06842	0.0602143
47.3000	0.812845	283.227	1.06979	0.0594999
47.2000	0.874663	283.099	1.06838	0.05992
47.1000	0.874622	283.076	1.06812	0.0612712
47.0000	0.934642	283.105	1.06844	0.0604845
46.9000	0.749107	283.046	1.06779	0.0611437
46.8000	0.709329	283.089	1.06827	0.0618185
46.7000	0.955162	283.071	1.06807	0.0612186
46.6000	0.824931	283.148	1.06892	0.0611238
46.5000	0.819815	283.01	1.06739	0.0614313
46.4000	0.816742	283.046	1.06779	0.0615291
46.3000	0.907962	282.997	1.06725	0.062612
46.2000	0.766797	283.032	1.06763	0.0620033
46.1000	0.909357	283.008	1.06736	0.0617405
46.0000	0.780241	283.001	1.06729	0.0621362
45.9000	0.812025	283.004	1.06733	0.0634104
45.8000	0.903378	283.008	1.06737	0.0628108
45.7000	0.708047	283.028	1.06759	0.0628703
45.6000	0.868269	282.922	1.06642	0.0632384
45.5000	0.722261	282.975	1.06701	0.0630465
45.4000	0.752663	282.917	1.06637	0.0627281
45.3000	0.836626	282.933	1.06654	0.0631691
45.2000	0.971391	282.862	1.06576	0.0638616
45.1000	0.868993	282.889	1.06605	0.0637144
45.0000	0.964619	282.989	1.06715	0.0643968
44.9000	1.04645	282.864	1.06578	0.0643163
44.8000	0.690109	282.94	1.06662	0.0655562
44.7000	0.772331	282.837	1.06548	0.0648691
44.6000	0.98136	282.937	1.06659	0.0653007
44.5000	0.866669	282.862	1.06575	0.066658
44.4000	1.04388	282.839	1.0655	0.0663133
44.3000	0.902731	282.88	1.06596	0.0655868
44.2000	0.899301	282.867	1.06582	0.0667302
44.1000	0.84377	282.824	1.06534	0.0670446
44.0000	0.927278	282.843	1.06555	0.0668459
43.9000	0.793762	282.858	1.06571	0.0674028
43.8000	0.750143	282.792	1.06498	0.0674355
43.7000	0.790443	282.806	1.06513	0.0681923
43.6000	0.971086	282.855	1.06568	0.0686764
43.5000	0.920955	282.794	1.065	0.0675986
43.4000	0.834709	282.814	1.06523	0.0686671
43.3000	0.880019	282.772	1.06476	0.0692046
43.2000	0.963097	282.808	1.06515	0.0699309
43.1000	0.904872	282.751	1.06453	0.0684764
43.0000	1.03215	282.719	1.06418	0.0689857
42.9000	0.780281	282.723	1.06422	0.0700401
42.8000	0.858186	282.794	1.06501	0.0692566
42.7000	0.929242	282.762	1.06465	0.0694217
42.6000	0.80898	282.706	1.06403	0.069119
42.5000	0.829498	282.715	1.06413	0.0711943
42.4000	0.882555	282.719	1.06417	0.0712637
42.3000	0.805643	282.723	1.06422	0.0709016
42.2000	0.811752	282.771	1.06475	0.0717835
42.1000	1.13679	282.81	1.06518	0.0715848
42.0000	1.06346	282.637	1.06327	0.0721923
41.9000	0.823709	282.646	1.06337	0.0718176
41.8000	0.765616	282.749	1.06451	0.070936
41.7000	1.03876	282.639	1.0633	0.0717051
41.6000	0.930247	282.636	1.06326	0.0722672
41.5000	0.974429	282.7	1.06396	0.0722189
41.4000	0.855153	282.725	1.06424	0.072078
41.3000	0.781415	282.641	1.06331	0.0730983
41.2000	0.798409	282.675	1.06369	0.0737668
41.1000	0.858714	282.646	1.06337	0.0736557
41.0000	0.912309	282.681	1.06375	0.0750866
40.9000	0.927394	282.523	1.06201	0.0760492
40.8000	0.851555	282.618	1.06305	0.0744262
40.7000	0.887404	282.613	1.06301	0.0735749
40.6000	0.889043	282.689	1.06385	0.0757094
40.5000	1.01834	282.597	1.06282	0.0763204
40.4000	0.913821	282.562	1.06244	0.0754319
40.3000	0.927274	282.584	1.06268	0.0760964
40.2000	0.978204	282.549	1.0623	0.0747599
40.1000	0.726016	282.497	1.06172	0.0749835
40.0000	0.905154	282.619	1.06307	0.0763504
39.9000	0.829749	282.547	1.06228	0.0757639
39.8000	0.918532	282.565	1.06247	0.0757708
39.7000	0.942903	282.544	1.06224	0.075429
39.6000	0.899637	282.532	1.06211	0.0770319
39.5000	0.974161	282.519	1.06196	0.0771351
39.4000	1.18641	282.504	1.0618	0.0785367
39.3000	0.811598	282.427	1.06095	0.0785437
39.2000	0.926112	282.54	1.06219	0.0798821
39.1000	0.845598	282.517	1.06194	0.0785938
39.0000	0.990596	282.45	1.0612	0.0783882
38.9000	0.841296	282.515	1.06192	0.0783148
38.8000	0.806055	282.485	1.06159	0.0781632
38.7000	1.08755	282.44	1.06109	0.0792813
38.6000	0.99337	282.432	1.061	0.0790293
38.5000	1.05264	282.446	1.06116	0.0794057
38.4000	0.838301	282.448	1.06118	0.0799561
38.3000	0.953523	282.38	1.06043	0.0798255
38.2000	0.871361	282.434	1.06103	0.0807946
38.1000	0.986522	282.325	1.05982	0.0810135
38.0000	0.823282	282.47	1.06142	0.0809314
37.9000	1.00581	282.368	1.0603	0.0808488
37.8000	0.799738	282.413	1.0608	0.0811989
37.7000	0.891794	282.371	1.06032	0.0817093
37.6000	1.02638	282.446	1.06116	0.0808874
37.5000	1.0041	282.356	1.06016	0.0815625
37.4000	0.776508	282.363	1.06024	0.0813408
37.3000	0.979909	282.344	1.06003	0.0818317
37.2000	0.94771	282.349	1.06009	0.0819514
37.1000	0.966512	282.36	1.0602	0.0816422
37.0000	0.915605	282.293	1.05947	0.0829845
36.9000	0.790305	282.357	1.06018	0.0830957
36.8000	0.935057	282.354	1.06014	0.0828436
36.7000	0.965981	282.3	1.05955	0.0837973
36.6000	0.88847	282.33	1.05987	0.084778
36.5000	0.993388	282.332	1.0599	0.0840113
36.4000	0.924124	282.326	1.05982	0.0833524
36.3000	0.974916	282.336	1.05994	0.0841526
36.2000	1.04064	282.276	1.05928	0.0860688
36.1000	0.983125	282.298	1.05952	0.085035
36.0000	0.874443	282.27	1.05921	0.0860069
35.9000	1.02221	282.245	1.05894	0.0854297
35.8000	1.08713	282.397	1.06062	0.0845321
35.7000	1.01311	282.2	1.05844	0.0866078
35.6000	0.964113	282.256	1.05906	0.0860911
35.5000	0.988301	282.341	1.06	0.0865223
35.4000	0.976968	282.285	1.05938	0.0859518
35.3000	0.907733	282.319	1.05975	0.0870353
35.2000	1.06576	282.238	1.05886	0.0856377
35.1000	1.02756	282.24	1.05887	0.0879454
35.0000	0.79241	282.238	1.05886	0.087111
34.9000	1.22367	282.198	1.05842	0.087103
34.8000	1.01352	282.118	1.05753	0.0887465
34.7000	0.858464	282.198	1.05842	0.0861534
34.6000	0.926299	282.276	1.05927	0.0880007
34.5000	0.847144	282.177	1.05819	0.0888673
34.4000	0.999016	282.161	1.058	0.0888994
34.3000	0.990987	282.209	1.05854	0.0886839
34.2000	0.744376	282.19	1.05833	0.0889926
34.1000	0.972565	282.238	1.05886	0.0895319
34.0000	1.03594	282.133	1.05769	0.0905688
33.9000	0.848335	282.194	1.05837	0.0889118
33.8000	0.725522	282.147	1.05785	0.0907065
33.7000	0.921753	282.173	1.05814	0.0906049
33.6000	0.935736	282.11	1.05743	0.0906367
33.5000	0.938367	282.183	1.05825	0.0898457
33.4000	0.929297	282.122	1.05757	0.0898957
33.3000	0.829083	282.156	1.05795	0.09131
33.2000	1.1791	282.115	1.0575	0.092078
33.1000	1.23214	282.097	1.0573	0.0917142
33.0000	1.00215	282.102	1.05735	0.093577
32.9000	1.00405	282.12	1.05755	0.0928929
32.8000	1.10084	282.1	1.05733	0.0916203
32.7000	0.9634	282.122	1.05758	0.0930969
32.6000	1.17829	282.034	1.0566	0.0931105
32.5000	1.13214	282.117	1.05752	0.0929183
32.4000	1.00355	282.112	1.05747	0.0939853
32.3000	1.12984	282.047	1.05674	0.0930667
32.2000	0.909898	282.029	1.05654	0.0940901
32.1000	0.96637	282.051	1.05679	0.0934203
32.0000	1.12778	282.061	1.0569	0.0933422
31.9000	0.842456	282.017	1.05641	0.0943942
31.8000	1.04478	282.087	1.05719	0.0938167
31.7000	0.961574	282.044	1.05671	0.0942229
31.6000	0.903383	282.071	1.05701	0.0937058
31.5000	1.15331	282.042	1.05669	0.0953088
31.4000	1.03416	282.001	1.05623	0.0935642
31.3000	1.28146	281.997	1.05619	0.0945565
31.2000	1.06298	282.024	1.05649	0.0950968
31.1000	1.07538	281.995	1.05616	0.0961587
31.0000	1.16486	281.992	1.05613	0.0956993
30.9000	1.25966	281.985	1.05605	0.0963018
30.8000	1.11154	281.905	1.05517	0.0967342
30.7000	1.25438	282.031	1.05656	0.0972734
30.6000	1.1112	281.941	1.05557	0.0966847
30.5000	1.01512	282.035	1.05661	0.0971518
30.4000	1.05794	281.948	1.05564	0.0971753
30.3000	1.26994	281.983	1.05603	0.0969123
30.2000	1.22502	281.936	1.05552	0.0979252
30.1000	1.31478	282.002	1.05624	0.0975398
30.0000	1.1723	281.927	1.05541	0.0982022
29.9000	1.09685	281.917	1.0553	0.0984267
29.8000	1.12203	281.966	1.05585	0.0968604
29.7000	1.10983	281.974	1.05593	0.0981137
29.6000	1.03595	281.947	1.05564	0.0964457
29.5000	1.18564	281.985	1.05606	0.0987755
29.4000	1.26029	282	1.05622	0.0995679
29.3000	0.95817	281.934	1.05549	0.0988927
29.2000	1.02415	281.908	1.0552	0.099387
29.1000	1.31592	281.927	1.05542	0.101609
29.0000	1.21473	281.969	1.05587	0.100734
28.9000	1.30555	281.895	1.05506	0.101041
28.8000	1.32552	281.974	1.05593	0.0987855
28.7000	1.30784	281.959	1.05577	0.102034
28.6000	1.30959	281.87	1.05478	0.101455
28.5000	1.21402	281.921	1.05534	0.0999074
28.4000	1.28745	281.868	1.05476	0.101326
28.3000	1.23421	281.884	1.05494	0.0994509
28.2000	1.14231	281.913	1.05526	0.100764
28.1000	1.27393	281.91	1.05523	0.100871
28.0000	1.33981	281.842	1.05447	0.101846
27.9000	1.27075	281.895	1.05506	0.102125
27.8000	1.32344	281.856	1.05463	0.102118
27.7000	1.39566	281.919	1.05533	0.102401
27.6000	1.35111	281.878	1.05488	0.102949
27.5000	1.62529	281.916	1.05529	0.105153
27.4000	1.22664	281.866	1.05474	0.102878
27.3000	1.44762	281.909	1.05522	0.10407
27.2000	1.58749	281.964	1.05583	0.102734
27.1000	1.67188	281.871	1.0548	0.103735
27.0000	1.51324	281.904	1.05515	0.104406
26.9000	1.44926	281.842	1.05448	0.10655
26.8000	1.36435	281.869	1.05478	0.104594
26.7000	1.66738	281.862	1.05469	0.102992
26.6000	1.75607	281.861	1.05468	0.107974
26.5000	1.62492	281.941	1.05557	0.105062
26.4000	1.64941	281.921	1.05535	0.105233
26.3000	1.89316	281.84	1.05445	0.107517
26.2000	1.54854	281.906	1.05518	0.107526
26.1000	1.97188	281.902	1.05514	0.106806
26.0000	2.05462	281.956	1.05573	0.106109
25.9000	2.0208	281.91	1.05522	0.108014
25.8000	1.91682	281.998	1.0562	0.108995
25.7000	1.92204	282.102	1.05736	0.108937
25.6000	1.9926	281.931	1.05546	0.109343
25.5000	1.90699	281.985	1.05605	0.11023
25.4000	2.19977	281.924	1.05538	0.109709
25.3000	2.37915	281.957	1.05574	0.108993
25.2000	2.33463	282.037	1.05664	0.109266
25.1000	2.331	282.016	1.0564	0.110773
25.0000	2.33864	281.933	1.05548	0.110034
24.9000	2.36451	282.035	1.05661	0.109061
24.8000	2.75545	282.067	1.05696	0.110027
24.7000	2.67431	282.042	1.05669	0.111824
24.6000	2.74089	282.058	1.05686	0.111265
24.5000	2.80274	282.157	1.05796	0.112779
24.4000	3.04369	282.056	1.05684	0.112386
24.3000	2.99418	282.106	1.0574	0.113124
24.2000	3.20275	282.18	1.05822	0.114473
24.1000	3.04344	282.147	1.05785	0.113494
24.0000	3.11519	282.221	1.05867	0.112475
23.9000	3.27255	282.262	1.05913	0.114767
23.8000	3.45867	282.194	1.05836	0.113731
23.7000	3.51017	282.172	1.05813	0.115257
23.6000	3.50067	282.185	1.05827	0.115233
23.5000	3.57036	282.217	1.05863	0.114692
23.4000	3.73412	282.26	1.0591	0.114907
23.3000	4.08828	282.306	1.05961	0.115055
23.2000	4.12201	282.247	1.05895	0.116151
23.1000	4.08864	282.3	1.05954	0.116009
23.0000	4.16145	282.316	1.05972	0.115743
22.9000	4.26648	282.409	1.06075	0.117352
22.8000	4.55155	282.384	1.06047	0.119054
22.7000	4.62797	282.457	1.06128	0.118266
22.6000	4.77871	282.488	1.06162	0.119337
22.5000	4.89925	282.47	1.06143	0.119218
22.4000	4.87975	282.501	1.06177	0.117828
22.3000	4.92151	282.398	1.06062	0.120282
22.2000	5.07591	282.576	1.0626	0.121173
22.1000	5.24831	282.509	1.06185	0.119999
22.0000	5.49332	282.568	1.06251	0.122708
21.9000	5.49233	282.61	1.06297	0.12177
21.8000	5.64455	282.636	1.06326	0.122611
21.7000	5.76085	282.678	1.06372	0.121907
21.6000	5.79648	282.653	1.06345	0.122527
21.5000	5.69433	282.621	1.06309	0.123844
21.4000	5.97145	282.569	1.06252	0.122351
21.3000	6.11547	282.72	1.06419	0.123833
21.2000	6.06719	282.748	1.0645	0.123383
21.1000	6.12923	282.741	1.06442	0.124517
21.0000	6.29244	282.738	1.06438	0.125292
20.9000	6.30211	282.727	1.06427	0.124432
20.8000	6.61331	282.702	1.06399	0.127152
20.7000	6.7094	282.712	1.0641	0.126483
20.6000	6.69447	282.689	1.06384	0.124924
20.5000	6.7891	282.764	1.06467	0.125965
20.4000	6.93225	282.902	1.06619	0.127607
20.3000	6.99239	282.814	1.06522	0.12583
20.2000	6.98018	282.797	1.06504	0.127591
20.1000	6.93913	282.866	1.06579	0.1277
20.0000	7.08985	282.867	1.06581	0.12603
19.9000	7.38967	282.791	1.06497	0.127802
19.8000	7.31016	282.859	1.06573	0.128559
19.7000	7.37633	282.855	1.06568	0.127395
19.6000	7.34107	282.905	1.06623	0.128694
19.5000	7.62101	282.909	1.06627	0.129571
19.4000	7.77689	282.813	1.06522	0.128834
19.3000	7.8589	282.873	1.06588	0.13002
19.2000	7.80039	282.904	1.06622	0.130885
19.1000	7.66588	282.958	1.06682	0.130225
19.0000	7.99039	282.976	1.06702	0.131629
18.9000	8.17724	283.01	1.06739	0.130883
18.8000	7.93735	282.952	1.06675	0.133543
18.7000	8.14682	282.999	1.06727	0.130648
18.6000	8.07728	282.921	1.06641	0.132083
18.5000	7.97808	283.077	1.06813	0.129429
18.4000	8.33252	282.95	1.06673	0.131702
18.3000	8.12268	283.027	1.06758	0.134256
18.2000	8.24242	283.066	1.068	0.132071
18.1000	8.09627	283.02	1.0675	0.131837
18.0000	8.34466	283.024	1.06755	0.132835
17.9000	8.5797	283.037	1.06769	0.132962
17.8000	8.67662	283.007	1.06736	0.133151
17.7000	8.61254	283.062	1.06796	0.133447
17.6000	8.45544	283.096	1.06834	0.135494
17.5000	8.60711	283.089	1.06826	0.132837
17.4000	8.40928	283.108	1.06848	0.134607
17.3000	8.50337	282.974	1.06699	0.132823
17.2000	8.66739	283.113	1.06853	0.135972
17.1000	8.86336	283.039	1.06772	0.135319
17.0000	8.58958	283.135	1.06877	0.134064
16.9000	8.89334	283.074	1.0681	0.138401
16.8000	8.79402	283.099	1.06837	0.134988
16.7000	8.83007	283.089	1.06826	0.136678
16.6000	8.95814	283.088	1.06825	0.133419
16.5000	8.79774	283.073	1.06809	0.136073
16.4000	8.86743	283.16	1.06904	0.134859
16.3000	8.915	283.138	1.06881	0.135984
16.2000	9.06151	283.162	1.06906	0.136515
16.1000	9.02643	283.115	1.06855	0.135069
16.0000	9.11142	283.05	1.06783	0.136129
15.9000	9.10513	283.165	1.0691	0.13628
15.8000	9.17038	283.238	1.06991	0.137751
15.7000	9.40435	283.159	1.06903	0.135228
15.6000	9.06939	283.104	1.06843	0.136155
15.5000	9.13115	283.206	1.06956	0.136952
15.4000	9.24903	283.113	1.06852	0.137362
15.3000	9.17681	283.179	1.06926	0.136091
15.2000	9.14647	283.175	1.06921	0.139224
15.1000	9.17051	283.148	1.06892	0.13725
15.0000	9.21393	283.122	1.06863	0.137188
14.9000	9.27921	283.165	1.0691	0.135228
14.8000	9.22291	283.253	1.07008	0.136619
14.7000	9.20216	283.028	1.06759	0.137502
14.6000	9.34008	283.217	1.06968	0.138425
14.5000	9.41982	283.132	1.06874	0.136574
14.4000	9.26146	283.191	1.06939	0.13806
14.3000	9.34281	283.131	1.06872	0.139847
14.2000	9.23972	283.277	1.07034	0.137639
14.1000	9.26683	283.148	1.06891	0.140633
14.0000	9.14347	283.076	1.06812	0.137498
13.9000	9.4314	283.239	1.06992	0.137603
13.8000	9.37859	283.131	1.06873	0.138362
13.7000	9.40993	283.146	1.06889	0.140257
13.6000	9.46134	283.203	1.06953	0.139272
13.5000	9.49045	283.194	1.06942	0.139556
13.4000	9.53315	283.166	1.06911	0.137154
13.3000	9.39139	283.184	1.06931	0.139263
13.2000	9.27056	283.21	1.06959	0.138432
13.1000	9.50547	283.157	1.06901	0.138651
13.0000	9.44385	283.212	1.06962	0.139618
12.9000	9.58255	283.235	1.06987	0.139135
12.8000	9.31812	283.179	1.06925	0.138983
12.7000	9.58104	283.209	1.06959	0.141053
12.6000	9.30835	283.208	1.06958	0.13976
12.5000	9.54173	283.204	1.06954	0.140466
12.4000	9.53531	283.169	1.06915	0.140461
12.3000	9.4433	283.17	1.06915	0.139733
12.2000	9.4451	283.211	1.06961	0.139472
12.1000	9.62094	283.282	1.0704	0.14005
12.0000	9.55816	283.232	1.06984	0.139771
11.9000	9.59673	283.2	1.06949	0.140873
11.8000	9.60439	283.204	1.06953	0.140181
11.7000	9.50615	283.206	1.06955	0.140976
11.6000	9.57852	283.171	1.06917	0.140542
11.5000	9.58657	283.285	1.07043	0.140563
11.4000	9.59313	283.283	1.0704	0.139006
11.3000	9.83018	283.158	1.06903	0.139261
11.2000	9.57994	283.232	1.06985	0.140758
11.1000	9.56605	283.19	1.06937	0.138539
11.0000	9.57071	283.356	1.07121	0.140201
10.9000	9.68261	283.166	1.06911	0.141158
10.8000	9.74812	283.239	1.06992	0.142274
10.7000	9.63963	283.216	1.06967	0.140791
10.6000	9.66167	283.262	1.07017	0.139627
10.5000	9.63739	283.227	1.06978	0.142014
10.4000	9.42784	283.148	1.06892	0.141949
10.3000	9.7185	283.18	1.06927	0.14079
10.2000	9.65085	283.289	1.07048	0.141127
10.1000	9.52995	283.237	1.06989	0.142039
10.0000	9.65378	283.306	1.07066	0.141931
9.9000	9.66644	283.252	1.07006	0.140734
9.8000	9.81179	283.199	1.06947	0.141704
9.7000	9.44749	283.175	1.06922	0.142181
9.6000	9.53229	283.245	1.06998	0.143178
9.5000	9.63498	283.259	1.07014	0.142822
9.4000	9.7543	283.264	1.07019	0.142571
9.3000	9.71151	283.169	1.06915	0.141649
9.2000	9.60234	283.177	1.06923	0.142581
9.1000	9.62137	283.199	1.06948	0.141765
9.0000	9.66899	283.334	1.07097	0.142974
8.9000	9.73186	283.246	1.07	0.143635
8.8000	9.77964	283.251	1.07005	0.141987
8.7000	9.69366	283.169	1.06915	0.142799
8.6000	9.60357	283.273	1.07029	0.142963
8.5000	9.55163	283.179	1.06925	0.144236
8.4000	9.87173	283.208	1.06958	0.141757
8.3000	9.76562	283.226	1.06978	0.143337
8.2000	9.62222	283.198	1.06946	0.142862
8.1000	9.60762	283.185	1.06933	0.143722
8.0000	9.79923	283.262	1.07018	0.143796
7.9000	9.97979	283.162	1.06907	0.144534
7.8000	9.76142	283.271	1.07027	0.143636
7.7000	9.62014	283.298	1.07057	0.143618
7.6000	9.64354	283.171	1.06916	0.144123
7.5000	9.66158	283.264	1.0702	0.143496
7.4000	9.51224	283.238	1.06991	0.142848
7.3000	9.84293	283.189	1.06937	0.144856
7.2000	9.87787	283.279	1.07036	0.144167
7.1000	9.75286	283.18	1.06927	0.144093
7.0000	9.77681	283.236	1.06989	0.142835
6.9000	9.92677	283.236	1.06988	0.145427
6.8000	9.59487	283.301	1.07061	0.144735
6.7000	9.80952	283.323	1.07085	0.142883
6.6000	9.78278	283.226	1.06978	0.145564
6.5000	9.89641	283.233	1.06986	0.146406
6.4000	9.6155	283.214	1.06964	0.145067
6.3000	9.93339	283.27	1.07026	0.144657
6.2000	9.67949	283.343	1.07107	0.144083
6.1000	9.73208	283.354	1.07119	0.143504
6.0000	9.81085	283.2	1.06949	0.14548
5.9000	9.73369	283.183	1.06931	0.145579
5.8000	9.85026	283.25	1.07004	0.144642
5.7000	9.77811	283.262	1.07017	0.147046
5.6000	9.7975	283.205	1.06955	0.145092
5.5000	9.8977	283.206	1.06956	0.144356
5.4000	9.66165	283.228	1.06979	0.146018
5.3000	9.75496	283.275	1.07032	0.145809
5.2000	9.84534	283.241	1.06994	0.147153
5.1000	9.67769	283.254	1.07009	0.144347
5.0000	9.78476	283.212	1.06962	0.146039
4.9000	9.92506	283.289	1.07047	0.143115
4.8000	9.81988	283.152	1.06896	0.147242
4.7000	9.72923	283.224	1.06976	0.146024
4.6000	9.77264	283.238	1.06991	0.146721
4.5000	9.9976	283.256	1.07011	0.146182
4.4000	9.87145	283.26	1.07015	0.146418
4.3000	9.71748	283.123	1.06864	0.147693
4.2000	9.73345	283.141	1.06884	0.147213
4.1000	9.73508	283.179	1.06926	0.146851
4.0000	9.85963	283.183	1.0693	0.146183
3.9000	9.83477	283.291	1.07049	0.146508
3.8000	9.86594	283.193	1.06941	0.147302
3.7000	9.94058	283.193	1.06941	0.147539
3.6000	9.82506	283.164	1.06909	0.14697
3.5000	9.74792	283.169	1.06915	0.144917
3.4000	9.9179	283.256	1.07011	0.146171
3.3000	9.87218	283.291	1.07049	0.146663
3.2000	9.82957	283.193	1.06941	0.148382
3.1000	9.92738	283.186	1.06933	0.148066
3.0000	9.89477	283.236	1.06989	0.147614
2.9000	9.92899	283.201	1.0695	0.146377
2.8000	9.93393	283.17	1.06915	0.14878
2.7000	9.81283	283.241	1.06994	0.146031
2.6000	9.77663	283.234	1.06986	0.147695
2.5000	9.79622	283.315	1.07076	0.147196
2.4000	9.82259	283.193	1.06941	0.148004
2.3000	9.66845	283.232	1.06984	0.148373
2.2000	9.92512	283.298	1.07057	0.148376
2.1000	9.71124	283.272	1.07029	0.146987
2.0000	9.54186	283.234	1.06987	0.146866
1.9000	10.0069	283.277	1.07034	0.146595
1.8000	9.73623	283.365	1.0713	0.147822
1.7000	9.87888	283.262	1.07017	0.146941
1.6000	9.89161	283.257	1.07012	0.146841
1.5000	9.70731	283.223	1.06974	0.148808
1.4000	9.83624	283.322	1.07084	0.147998
1.3000	10.0094	283.231	1.06983	0.148629
1.2000	9.95782	283.321	1.07082	0.148953
1.1000	9.90209	283.3	1.07059	0.14655
1.0000	9.92645	283.301	1.0706	0.148688
0.9000	9.82334	283.384	1.07152	0.146847
0.8000	9.91083	283.273	1.0703	0.148482
0.7000	9.95797	283.254	1.07009	0.147915
0.6000	10.0074	283.261	1.07016	0.149062
0.5000	9.75424	283.298	1.07057	0.14867
0.4000	9.79042	283.309	1.07069	0.147522
0.3000	9.8546	283.283	1.0704	0.149109
0.2000	9.79397	283.34	1.07104	0.15065
0.1000	10.0553	283.364	1.0713	0.147562
0.0000	9.99656	283.328	1.0709	0.15042
-0.1000	9.95821	283.369	1.07135	0.150722
-0.2000	9.85941	283.308	1.07068	0.149316
-0.3000	9.90755	283.278	1.07035	0.150385
-0.4000	9.89372	283.298	1.07057	0.151406
-0.5000	9.81461	283.315	1.07076	0.149147
-0.6000	9.77791	283.37	1.07136	0.149824
-0.7000	9.74257	283.443	1.07217	0.151329
-0.8000	9.85393	283.396	1.07165	0.151226
-0.9000	9.97424	283.415	1.07186	0.149438
-1.0000	9.83964	283.387	1.07155	0.150525
-1.1000	9.91475	283.401	1.07171	0.147994
-1.2000	9.88752	283.373	1.07139	0.149956
-1.3000	9.90446	283.46	1.07236	0.149636
-1.4000	9.99454	283.465	1.07241	0.150197
-1.5000	9.89389	283.384	1.07152	0.148777
-1.6000	9.89198	283.377	1.07144	0.149917
-1.7000	9.71427	283.295	1.07054	0.150434
-1.8000	9.87385	283.258	1.07013	0.14949
-1.9000	9.76942	283.314	1.07075	0.149699
-2.0000	9.93727	283.402	1.07172	0.148671
-2.1000	9.8906	283.406	1.07176	0.150327
-2.2000	9.76339	283.368	1.07134	0.149775
-2.3000	9.94126	283.443	1.07217	0.149575
-2.4000	9.86296	283.468	1.07245	0.148853
-2.5000	9.82161	283.429	1.07201	0.148916
-2.6000	9.84885	283.376	1.07144	0.148592
-2.7000	9.9191	283.302	1.07062	0.150005
-2.8000	9.96264	283.411	1.07181	0.15133
-2.9000	9.82774	283.379	1.07147	0.150282
-3.0000	9.76805	283.339	1.07103	0.151456
-3.1000	9.81505	283.394	1.07163	0.151731
-3.2000	9.98019	283.291	1.07049	0.152713
-3.3000	9.85655	283.34	1.07103	0.152819
-3.4000	10.0355	283.352	1.07117	0.152655
-3.5000	10.0189	283.449	1.07223	0.151689
-3.6000	9.95737	283.329	1.07091	0.150603
-3.7000	9.77623	283.441	1.07215	0.152261
-3.8000	9.93389	283.374	1.07141	0.151623
-3.9000	10.0036	283.383	1.07151	0.152351
-4.0000	9.86865	283.37	1.07137	0.152037
-4.1000	9.85208	283.36	1.07125	0.152404
-4.2000	10.0453	283.333	1.07096	0.151645
-4.3000	9.91178	283.387	1.07156	0.152815
-4.4000	9.73935	283.362	1.07128	0.151697
-4.5000	9.80432	283.359	1.07124	0.151763
-4.6000	9.79961	283.417	1.07188	0.152916
-4.7000	9.88699	283.462	1.07238	0.15351
-4.8000	9.74624	283.332	1.07094	0.151742
-4.9000	9.87623	283.387	1.07156	0.153277
-5.0000	9.82186	283.376	1.07143	0.153583
