90.0000	0.819868	278.938	1.02222	0.0269744
89.9000	0.705058	278.901	1.02181	0.0286942
89.8000	0.681456	278.884	1.02162	0.0280032
89.7000	0.805768	278.914	1.02195	0.027681
89.6000	0.626297	278.999	1.02289	0.0279448
89.5000	0.470491	278.989	1.02279	0.028213
89.4000	0.603647	278.881	1.02158	0.0276858
89.3000	0.603647	278.881	1.02158	0.0276858
89.2000	0.760527	278.957	1.02243	0.0277263
89.1000	0.79315	278.923	1.02205	0.0273712
89.0000	0.832213	278.906	1.02186	0.0279388
88.9000	0.64892	278.902	1.02181	0.0286419
88.8000	0.585193	279.027	1.02321	0.0278368
88.7000	0.755405	279.026	1.0232	0.028375
88.6000	0.611127	278.972	1.0226	0.0275473
88.5000	0.73031	279.008	1.023	0.0281598
88.4000	0.542584	279.065	1.02363	0.0282002
88.3000	0.716382	278.942	1.02226	0.027996
88.2000	0.641557	278.915	1.02196	0.0274926
88.1000	0.635887	278.917	1.02199	0.0278086
88.0000	0.540628	278.95	1.02234	0.0277896
87.9000	0.745781	279.045	1.0234	0.0275096
87.8000	0.677094	278.935	1.02219	0.0280455
87.7000	0.615942	278.96	1.02246	0.027727
87.6000	0.654298	278.95	1.02235	0.0285533
87.5000	0.605417	278.92	1.02202	0.0285845
87.4000	0.844214	278.991	1.0228	0.0286843
87.3000	0.542526	278.996	1.02286	0.0279216
87.2000	0.730202	278.976	1.02263	0.0288506
87.1000	0.503813	278.994	1.02284	0.0281688
87.0000	0.739722	278.86	1.02135	0.0276559
86.9000	0.675516	278.962	1.02248	0.0283625
86.8000	0.671481	278.946	1.0223	0.0284155
86.7000	0.480481	279	1.0229	0.027793
86.6000	0.564838	278.946	1.0223	0.0279067
86.5000	0.654364	278.921	1.02203	0.0281561
86.4000	0.66436	278.9	1.0218	0.0287377
86.3000	0.485323	279.017	1.02309	0.0285151
86.2000	0.911954	278.979	1.02267	0.0283017
86.1000	0.681773	278.879	1.02156	0.0274908
86.0000	0.812267	278.982	1.02271	0.0279841
85.9000	0.685896	278.947	1.02232	0.0287785
85.8000	0.550426	278.916	1.02198	0.0280496
85.7000	0.659247	278.941	1.02225	0.0289155
85.6000	0.634045	278.993	1.02283	0.0283044
85.5000	0.681314	279.055	1.02352	0.0285531
85.4000	0.562556	278.94	1.02224	0.0285418
85.3000	0.509508	278.957	1.02243	0.0282838
85.2000	0.6674	278.949	1.02234	0.0281372
85.1000	0.607018	279.023	1.02316	0.0284845
85.0000	0.730783	278.937	1.02221	0.029926
84.9000	0.743808	278.921	1.02203	0.0282861
84.8000	0.709358	278.96	1.02246	0.0287124
84.7000	0.666664	278.978	1.02267	0.0286035
84.6000	0.560736	278.96	1.02246	0.0286017
84.5000	0.720174	279.015	1.02307	0.0282681
84.4000	0.570007	278.945	1.0223	0.0282519
84.3000	0.65741	278.956	1.02241	0.0283768
84.2000	0.609975	278.938	1.02222	0.0287957
84.1000	0.448882	278.998	1.02288	0.0282751
84.0000	0.610399	278.914	1.02195	0.0288101
83.9000	0.679625	278.984	1.02273	0.0277129
83.8000	0.512459	278.861	1.02135	0.0284784
83.7000	0.782185	278.969	1.02256	0.0286959
83.6000	0.803754	278.979	1.02267	0.0289958
83.5000	0.628415	279.017	1.0231	0.0285547
83.4000	0.619969	278.924	1.02206	0.0286845
83.3000	0.665237	279.003	1.02295	0.0287653
83.2000	0.747768	278.976	1.02264	0.0279346
83.1000	0.572121	279.031	1.02325	0.0278911
83.0000	0.516904	278.928	1.02211	0.0283616
82.9000	0.649292	278.985	1.02274	0.0284122
82.8000	0.64953	278.978	1.02266	0.0281707
82.7000	0.622139	278.97	1.02257	0.0287998
82.6000	0.742046	278.985	1.02273	0.0283177
82.5000	0.661621	278.921	1.02203	0.0285479
82.4000	0.562956	278.991	1.02281	0.0280952
82.3000	0.708173	278.95	1.02235	0.0278422
82.2000	0.685098	278.986	1.02275	0.0283556
82.1000	0.820152	278.922	1.02204	0.0288735
82.0000	0.598865	278.932	1.02215	0.0283141
81.9000	0.537978	278.921	1.02203	0.0281684
81.8000	0.741499	278.868	1.02143	0.0282828
81.7000	0.663303	278.988	1.02277	0.0280995
81.6000	0.803053	278.956	1.02242	0.0277623
81.5000	0.680011	278.952	1.02237	0.0283006
81.4000	0.474286	278.896	1.02175	0.0286574
81.3000	0.639546	278.949	1.02234	0.0275782
81.2000	0.595744	278.958	1.02243	0.0285809
81.1000	0.722047	278.928	1.02211	0.0285924
81.0000	0.770126	279.03	1.02324	0.0289126
80.9000	0.864682	278.954	1.0224	0.0291463
80.8000	0.603874	278.977	1.02265	0.0285909
80.7000	0.51857	279.002	1.02292	0.0284154
80.6000	0.581943	278.942	1.02226	0.0282138
80.5000	0.645082	278.992	1.02281	0.0280409
80.4000	0.862187	278.998	1.02289	0.0281557
80.3000	0.671181	278.93	1.02213	0.0280592
80.2000	0.466701	278.991	1.02281	0.0287956
80.1000	0.738014	278.921	1.02203	0.0289114
80.0000	0.731339	278.884	1.02161	0.028703
79.9000	0.375594	278.981	1.0227	0.0285547
79.8000	0.430666	278.99	1.0228	0.0287006
79.7000	0.820445	279.003	1.02294	0.0287121
79.6000	0.545154	279.035	1.02329	0.0285318
79.5000	0.614455	279.001	1.02292	0.0286528
79.4000	0.644518	278.958	1.02244	0.0288907
79.3000	0.733983	278.935	1.02218	0.0282083
79.2000	0.641069	278.962	1.02248	0.0284488
79.1000	0.655156	278.946	1.02231	0.0289015
79.0000	0.727223	278.912	1.02193	0.0281366
78.9000	0.657143	278.899	1.02178	0.0283067
78.8000	0.700465	279.012	1.02304	0.029269
78.7000	0.67139	278.973	1.02261	0.028568
78.6000	0.583162	279.022	1.02315	0.0281945
78.5000	0.655176	279	1.02291	0.0293164
78.4000	0.763689	279.037	1.02332	0.0285572
78.3000	0.732173	279.007	1.02299	0.0287299
78.2000	0.638516	279.059	1.02356	0.0288062
78.1000	0.577498	278.987	1.02277	0.0288026
78.0000	0.723718	278.979	1.02267	0.0284002
77.9000	0.588483	279.024	1.02317	0.0287787
77.8000	0.654182	279.038	1.02333	0.0296126
77.7000	0.496783	278.971	1.02259	0.0286159
77.6000	0.537256	279.04	1.02335	0.0292006
77.5000	0.552641	278.981	1.02269	0.0288403
77.4000	0.698161	278.965	1.02252	0.0278111
77.3000	0.679312	278.977	1.02265	0.0290725
77.2000	0.569112	279.067	1.02365	0.0289978
77.1000	0.64012	279.018	1.02311	0.028647
77.0000	0.712164	279.02	1.02313	0.0281924
76.9000	0.615623	279.011	1.02303	0.0292367
76.8000	0.646492	279.087	1.02387	0.0292314
76.7000	0.68743	279.044	1.0234	0.0288948
76.6000	0.505772	279.059	1.02356	0.0285317
76.5000	0.685757	279.027	1.0232	0.0288284
76.4000	0.705557	279.036	1.0233	0.028395
76.3000	0.511559	279.085	1.02385	0.0278882
76.2000	0.704997	278.987	1.02276	0.0287844
76.1000	0.673479	279.113	1.02416	0.0291229
76.0000	0.656976	279.135	1.02441	0.0292155
75.9000	0.676505	279.07	1.02369	0.0289973
75.8000	0.702536	279.083	1.02383	0.0295189
75.7000	0.547119	279.094	1.02395	0.0282163
75.6000	0.571443	279.03	1.02324	0.0284782
75.5000	0.698427	279.078	1.02378	0.0284452
75.4000	0.602635	279.122	1.02427	0.0292408
75.3000	0.500543	279.024	1.02317	0.0289804
75.2000	0.522304	279.067	1.02365	0.0293312
75.1000	0.710066	279.111	1.02414	0.0293207
75.0000	0.506317	279.163	1.02472	0.0290639
74.9000	0.669429	279.079	1.02378	0.0284252
74.8000	0.652936	279.15	1.02457	0.0291447
74.7000	0.751678	279.156	1.02464	0.0288398
74.6000	0.780083	279.126	1.02431	0.0286767
74.5000	0.572246	279.103	1.02405	0.0292486
74.4000	0.679051	279.145	1.02452	0.0280932
74.3000	0.758809	279.096	1.02397	0.0288791
74.2000	0.73452	279.171	1.02482	0.0283267
74.1000	0.579022	279.155	1.02464	0.0278283
74.0000	0.535013	279.116	1.0242	0.0284127
73.9000	0.792418	279.16	1.02469	0.0286705
73.8000	0.721086	279.072	1.0237	0.0289528
73.7000	0.75174	279.112	1.02415	0.0286438
73.6000	0.836673	279.108	1.02411	0.0283017
73.5000	0.546413	279.219	1.02535	0.0291116
73.4000	0.679489	279.191	1.02504	0.0293628
73.3000	0.624287	279.081	1.02381	0.0289091
73.2000	0.763208	279.129	1.02434	0.028827
73.1000	0.67903	279.144	1.02451	0.0287132
73.0000	0.659267	279.114	1.02418	0.0287992
72.9000	0.630171	279.129	1.02435	0.028694
72.8000	0.913718	279.233	1.0255	0.0281738
72.7000	0.587462	279.219	1.02534	0.0291494
72.6000	0.737444	279.218	1.02533	0.0285044
72.5000	0.67249	279.141	1.02448	0.0293632
72.4000	0.560336	279.17	1.0248	0.0291538
72.3000	0.73376	279.158	1.02467	0.0291717
72.2000	0.558652	279.195	1.02508	0.0286848
72.1000	0.822176	279.144	1.02451	0.0295636
72.0000	0.753525	279.264	1.02585	0.0293025
71.9000	0.51358	279.323	1.0265	0.0290452
71.8000	0.650064	279.222	1.02538	0.0291793
71.7000	0.779727	279.179	1.0249	0.0287284
71.6000	0.690721	279.183	1.02494	0.0286772
71.5000	0.57838	279.146	1.02454	0.0285724
71.4000	0.386288	279.245	1.02563	0.0291185
71.3000	0.642929	279.281	1.02603	0.0290566
71.2000	0.68138	279.213	1.02528	0.0286524
71.1000	0.721127	279.304	1.0263	0.0295801
71.0000	0.711224	279.169	1.02479	0.0290639
70.9000	0.826604	279.159	1.02468	0.029137
70.8000	0.670129	279.15	1.02458	0.0292435
70.7000	0.655629	279.095	1.02397	0.0289628
70.6000	0.548547	279.194	1.02506	0.0293879
70.5000	0.691743	279.195	1.02508	0.0296268
70.4000	0.68719	279.204	1.02518	0.0293772
70.3000	0.71413	279.201	1.02514	0.0295055
70.2000	0.856361	279.184	1.02496	0.0299065
70.1000	0.660336	279.213	1.02528	0.0291252
70.0000	0.683368	279.162	1.02472	0.0288646
69.9000	0.598596	279.218	1.02534	0.0293459
69.8000	0.484697	279.242	1.0256	0.0299936
69.7000	0.627757	279.153	1.02461	0.0286721
69.6000	0.537093	279.206	1.0252	0.0297127
69.5000	0.630194	279.163	1.02472	0.0294704
69.4000	0.543895	279.207	1.02522	0.0294001
69.3000	0.757161	279.265	1.02586	0.0294459
69.2000	0.524841	279.182	1.02494	0.0293357
69.1000	0.707486	279.214	1.02529	0.0289875
69.0000	0.455051	279.188	1.025	0.0296512
68.9000	0.697026	279.187	1.02499	0.0295211
68.8000	0.683691	279.279	1.02602	0.0293845
68.7000	0.693054	279.178	1.02489	0.0291845
68.6000	0.629172	279.256	1.02576	0.029738
68.5000	0.743657	279.161	1.0247	0.0290436
68.4000	0.599832	279.207	1.02521	0.0292051
68.3000	0.607466	279.193	1.02506	0.0299267
68.2000	0.641116	279.257	1.02577	0.0292393
68.1000	0.582341	279.211	1.02525	0.0292006
68.0000	0.765843	279.179	1.0249	0.0296415
67.9000	0.678787	279.157	1.02466	0.0294153
67.8000	0.720216	279.187	1.02499	0.0295284
67.7000	0.570114	279.234	1.02552	0.0299011
67.6000	0.68535	279.174	1.02485	0.0295543
67.5000	0.473131	279.181	1.02493	0.0288988
67.4000	0.538257	279.147	1.02454	0.0301098
67.3000	0.57733	279.209	1.02524	0.0301764
67.2000	0.716025	279.195	1.02508	0.029991
67.1000	0.549605	279.152	1.02461	0.0286256
67.0000	0.652071	279.192	1.02504	0.0297679
66.9000	0.548277	279.309	1.02635	0.0298989
66.8000	0.581979	279.212	1.02527	0.0302878
66.7000	0.853262	279.21	1.02525	0.0301678
66.6000	0.806261	279.248	1.02567	0.0298797
66.5000	0.700694	279.213	1.02528	0.029443
66.4000	0.691722	279.168	1.02478	0.0295323
66.3000	0.53313	279.205	1.02519	0.0295989
66.2000	0.458318	279.282	1.02604	0.0288969
66.1000	0.572911	279.163	1.02472	0.0297566
66.0000	0.596712	279.21	1.02524	0.03013
65.9000	0.647614	279.151	1.02459	0.0296964
65.8000	0.683508	279.208	1.02522	0.0309104
65.7000	0.656511	279.288	1.02611	0.0307035
65.6000	0.68714	279.209	1.02524	0.0290267
65.5000	0.632443	279.254	1.02573	0.029954
65.4000	0.630553	279.222	1.02538	0.0292781
65.3000	0.666461	279.289	1.02613	0.0294449
65.2000	0.549831	279.212	1.02527	0.0299056
65.1000	0.748624	279.212	1.02526	0.029864
65.0000	0.652362	279.2	1.02513	0.0296718
64.9000	0.594644	279.185	1.02496	0.0300077
64.8000	0.545239	279.182	1.02493	0.0293273
64.7000	0.729604	279.21	1.02525	0.0300945
64.6000	0.740407	279.188	1.02501	0.0303152
64.5000	0.805821	279.163	1.02472	0.0297749
64.4000	0.735623	279.189	1.02501	0.0303252
64.3000	0.742281	279.166	1.02476	0.0295997
64.2000	0.551288	279.172	1.02483	0.0301806
64.1000	0.523181	279.174	1.02485	0.0302
64.0000	0.644249	279.183	1.02494	0.0293768
63.9000	0.762154	279.228	1.02544	0.0304499
63.8000	0.63925	279.174	1.02485	0.0302553
63.7000	0.62636	279.231	1.02548	0.0302029
63.6000	0.795972	279.199	1.02512	0.0300311
63.5000	0.45524	279.227	1.02543	0.0295758
63.4000	0.678795	279.166	1.02475	0.0298483
63.3000	0.489667	279.2	1.02514	0.0295109
63.2000	0.567159	279.207	1.02522	0.0306543
63.1000	0.608119	279.232	1.02549	0.0299508
63.0000	0.679301	279.259	1.02579	0.0300863
62.9000	0.585689	279.179	1.0249	0.0296816
62.8000	0.668141	279.245	1.02563	0.0305958
62.7000	0.577098	279.183	1.02495	0.0307955
62.6000	0.573824	279.209	1.02524	0.0299111
62.5000	0.461305	279.168	1.02478	0.0307987
62.4000	0.506122	279.228	1.02544	0.0304117
62.3000	0.556252	279.25	1.0257	0.0298089
62.2000	0.69698	279.279	1.02601	0.0304305
62.1000	0.525827	279.178	1.02489	0.0304478
62.0000	0.633832	279.245	1.02564	0.030046
61.9000	0.68036	279.269	1.0259	0.0304141
61.8000	0.528096	279.145	1.02452	0.0308004
61.7000	0.752518	279.227	1.02544	0.0309452
61.6000	0.675494	279.171	1.02482	0.0300788
61.5000	0.799767	279.261	1.02581	0.0310906
61.4000	0.77905	279.231	1.02548	0.0306997
61.3000	0.545721	279.208	1.02523	0.0312031
61.2000	0.551985	279.216	1.02531	0.0302184
61.1000	0.858646	279.196	1.02509	0.0307392
61.0000	0.597646	279.24	1.02558	0.030479
60.9000	0.603226	279.233	1.02551	0.0302612
60.8000	0.495993	279.156	1.02464	0.0306324
60.7000	0.420099	279.145	1.02452	0.030476
60.6000	0.493382	279.194	1.02507	0.0310319
60.5000	0.604701	279.086	1.02387	0.0314375
60.4000	0.740633	279.251	1.0257	0.0306271
60.3000	0.649913	279.207	1.02521	0.0308646
60.2000	0.555789	279.213	1.02527	0.0306305
60.1000	0.585286	279.216	1.02531	0.0311077
60.0000	0.489189	279.2	1.02514	0.0304196
59.9000	0.84184	279.184	1.02496	0.0304505
59.8000	0.505002	279.144	1.02451	0.0308144
59.7000	0.594949	279.231	1.02548	0.030565
59.6000	0.720662	279.165	1.02475	0.030671
59.5000	0.755051	279.21	1.02525	0.0317204
59.4000	0.631198	279.189	1.02502	0.0307586
59.3000	0.764395	279.228	1.02545	0.0308698
59.2000	0.755119	279.208	1.02523	0.0310562
59.1000	0.55952	279.231	1.02548	0.0310682
59.0000	0.733388	279.216	1.02531	0.0308147
58.9000	0.592477	279.193	1.02506	0.0311174
58.8000	0.543468	279.18	1.02491	0.031329
58.7000	0.74445	279.18	1.02491	0.0308266
58.6000	0.624112	279.182	1.02493	0.0309836
58.5000	0.695097	279.147	1.02455	0.0305736
58.4000	0.622028	279.122	1.02427	0.0305471
58.3000	0.834865	279.111	1.02415	0.031034
58.2000	0.582928	279.18	1.02491	0.0316166
58.1000	0.692346	279.164	1.02473	0.0315664
58.0000	0.62025	279.144	1.02451	0.0309862
57.9000	0.658327	279.223	1.02539	0.031371
57.8000	0.798376	279.246	1.02565	0.0310018
57.7000	0.47986	279.175	1.02485	0.0323698
57.6000	0.584332	279.242	1.02561	0.0318199
57.5000	0.716399	279.217	1.02533	0.0316011
57.4000	0.566042	279.141	1.02447	0.0317357
57.3000	0.552055	279.147	1.02455	0.0322228
57.2000	0.504318	279.192	1.02504	0.0314306
57.1000	0.816338	279.333	1.02661	0.0319018
57.0000	0.588057	279.214	1.02529	0.0316256
56.9000	0.853294	279.239	1.02557	0.0318038
56.8000	0.480356	279.238	1.02556	0.0320389
56.7000	0.749466	279.28	1.02602	0.0313256
56.6000	0.51902	279.279	1.02602	0.0329414
56.5000	0.634583	279.236	1.02554	0.0319107
56.4000	0.625629	279.2	1.02513	0.0323505
56.3000	0.636043	279.24	1.02558	0.0325515
56.2000	0.687514	279.194	1.02507	0.032611
56.1000	0.686421	279.203	1.02516	0.0330081
56.0000	0.570268	279.233	1.0255	0.0330353
55.9000	0.709711	279.229	1.02545	0.0327561
55.8000	0.585844	279.259	1.0258	0.0321621
55.7000	0.635738	279.2	1.02514	0.0325776
55.6000	0.611487	279.211	1.02525	0.0328899
55.5000	0.815715	279.205	1.02519	0.0326615
55.4000	0.545872	279.264	1.02584	0.0319539
55.3000	0.750906	279.188	1.025	0.0314233
55.2000	0.775505	279.184	1.02496	0.0329144
55.1000	0.674942	279.259	1.0258	0.0329141
55.0000	0.759671	279.204	1.02518	0.0325494
54.9000	0.618239	279.268	1.02589	0.0327474
54.8000	0.633141	279.167	1.02477	0.0334603
54.7000	0.662396	279.124	1.02429	0.0334881
54.6000	0.719905	279.23	1.02547	0.0332558
54.5000	0.545201	279.191	1.02503	0.0329631
54.4000	0.622443	279.193	1.02505	0.0335056
54.3000	0.683594	279.331	1.02659	0.0335448
54.2000	0.858783	279.316	1.02642	0.0330391
54.1000	0.635449	279.193	1.02505	0.033494
54.0000	0.589973	279.218	1.02534	0.0335149
53.9000	0.652499	279.258	1.02578	0.0331749
53.8000	0.561443	279.238	1.02555	0.0333241
53.7000	0.690726	279.238	1.02556	0.0332991
53.6000	0.676479	279.185	1.02496	0.0327942
53.5000	0.5938	279.142	1.02449	0.033067
53.4000	0.675089	279.241	1.02559	0.0339829
53.3000	0.773349	279.143	1.0245	0.0337722
53.2000	0.772783	279.121	1.02425	0.0342433
53.1000	0.611078	279.171	1.02481	0.0345709
53.0000	0.584766	279.199	1.02512	0.0339029
52.9000	0.696362	279.227	1.02543	0.0336943
52.8000	0.836308	279.148	1.02456	0.0341427
52.7000	0.702658	279.265	1.02586	0.0346628
52.6000	0.61703	279.205	1.02518	0.0343602
52.5000	0.68595	279.155	1.02463	0.0338363
52.4000	0.663445	279.261	1.02581	0.0340073
52.3000	0.543591	279.234	1.02551	0.0337208
52.2000	0.453734	279.15	1.02457	0.0339985
52.1000	0.551184	279.153	1.02461	0.0346009
52.0000	0.668179	279.198	1.02511	0.0357127
51.9000	0.821107	279.189	1.02501	0.0341437
51.8000	0.624902	279.202	1.02515	0.0347542
51.7000	0.684624	279.245	1.02564	0.0346312
51.6000	0.649968	279.183	1.02494	0.034879
51.5000	0.396713	279.155	1.02463	0.0358866
51.4000	0.774605	279.23	1.02547	0.0353112
51.3000	0.734883	279.122	1.02427	0.0351809
51.2000	0.669405	279.243	1.02562	0.0344941
51.1000	0.623007	279.162	1.02471	0.0346522
51.0000	0.738403	279.154	1.02462	0.0352718
50.9000	0.573105	279.105	1.02407	0.0349709
50.8000	0.863705	279.161	1.0247	0.0357996
50.7000	0.828732	279.16	1.02469	0.0355724
50.6000	0.738647	279.164	1.02473	0.0353607
50.5000	0.679364	279.168	1.02478	0.0354448
50.4000	0.648984	279.237	1.02555	0.0350185
50.3000	0.713739	279.102	1.02405	0.0351215
50.2000	0.613899	279.155	1.02463	0.0357915
50.1000	0.617191	279.173	1.02484	0.0374194
50.0000	0.677991	279.133	1.02438	0.0361243
49.9000	0.423079	279.245	1.02563	0.0359346
49.8000	0.662679	279.161	1.0247	0.037185
49.7000	0.566617	279.141	1.02448	0.0355015
49.6000	0.654778	279.204	1.02518	0.0369766
49.5000	0.640656	279.146	1.02453	0.0368964
49.4000	0.735977	279.185	1.02497	0.0368444
49.3000	0.613217	279.214	1.0253	0.0370168
49.2000	0.806674	279.212	1.02527	0.0369337
49.1000	0.777538	279.153	1.02461	0.0371372
49.0000	0.71998	279.238	1.02556	0.036765
48.9000	0.536778	279.104	1.02406	0.0368952
48.8000	0.638316	279.122	1.02426	0.0366456
48.7000	0.543187	279.197	1.0251	0.0372225
48.6000	0.684235	279.152	1.02459	0.0370058
48.5000	0.682924	279.184	1.02496	0.0376579
48.4000	0.671794	279.098	1.02399	0.0376529
48.3000	0.808449	279.087	1.02387	0.037457
48.2000	0.895731	279.087	1.02388	0.0375046
48.1000	0.656325	279.035	1.0233	0.0388315
48.0000	0.79472	279.067	1.02366	0.0379161
47.9000	0.48519	279.087	1.02388	0.037873
47.8000	0.848087	279.056	1.02353	0.0384075
47.7000	0.715044	279.099	1.02401	0.037745
47.6000	0.656119	279.157	1.02466	0.0372491
47.5000	0.687505	279.176	1.02487	0.0380874
47.4000	0.794794	279.069	1.02368	0.0378002
47.3000	0.782504	279.065	1.02363	0.0385066
47.2000	0.74099	279.03	1.02324	0.0391876
47.1000	0.819923	279.078	1.02377	0.0383363
47.0000	0.621068	279.098	1.024	0.0388567
46.9000	0.54655	279.058	1.02355	0.0393909
46.8000	0.742621	279.067	1.02365	0.0390073
46.7000	0.677354	279.095	1.02396	0.0394921
46.6000	0.683501	279.085	1.02386	0.0411095
46.5000	0.866486	279.093	1.02395	0.0402095
46.4000	0.817046	279.106	1.02409	0.0403634
46.3000	0.642928	279.082	1.02382	0.0390949
46.2000	0.704921	279.074	1.02373	0.0408205
46.1000	0.719986	279.007	1.02299	0.0401763
46.0000	0.778987	278.989	1.02278	0.0396959
45.9000	0.714372	279.088	1.02389	0.0401264
45.8000	0.841692	279.03	1.02324	0.0401307
45.7000	0.675169	279.006	1.02298	0.0402191
45.6000	0.59623	279.1	1.02402	0.0403495
45.5000	0.584518	279.012	1.02304	0.0396826
45.4000	0.661411	278.973	1.0226	0.0406764
45.3000	0.627676	279.021	1.02314	0.0401181
45.2000	0.732082	279.125	1.02429	0.0403481
45.1000	0.691252	279.05	1.02346	0.0412591
45.0000	0.614761	278.958	1.02244	0.0408681
44.9000	0.858273	279.007	1.02298	0.0416443
44.8000	0.705014	279.037	1.02332	0.0396805
44.7000	0.816661	279.023	1.02316	0.0410782
44.6000	0.485876	279.042	1.02337	0.0413346
44.5000	0.789798	279.068	1.02366	0.0416636
44.4000	0.777075	279.02	1.02313	0.0409087
44.3000	0.706497	278.949	1.02234	0.0408396
44.2000	0.67664	278.992	1.02281	0.0411764
44.1000	0.643756	279.03	1.02324	0.0410631
44.0000	0.561369	279.026	1.0232	0.0416126
43.9000	0.729428	279.02	1.02313	0.0417547
43.8000	0.841269	278.927	1.0221	0.0417899
43.7000	0.623161	278.969	1.02257	0.0419139
43.6000	0.825327	278.897	1.02176	0.0412237
43.5000	0.830743	278.986	1.02275	0.0420427
43.4000	0.637633	279.018	1.02311	0.0421065
43.3000	0.669061	279.031	1.02325	0.0415684
43.2000	0.790274	278.962	1.02248	0.042218
43.1000	0.692389	279.009	1.023	0.0429788
43.0000	0.723856	278.954	1.02239	0.0424673
42.9000	0.8578	278.98	1.02268	0.0433575
42.8000	0.823315	278.942	1.02226	0.0427449
42.7000	0.70876	278.988	1.02277	0.0431048
42.6000	0.687674	279.018	1.0231	0.0431766
42.5000	0.716167	279.002	1.02293	0.0429178
42.4000	0.768793	278.925	1.02208	0.0435948
42.3000	0.810275	278.976	1.02264	0.0435172
42.2000	0.958153	278.99	1.0228	0.0431997
42.1000	0.820479	278.981	1.02269	0.043258
42.0000	0.840909	278.938	1.02221	0.0443099
41.9000	0.851628	278.974	1.02261	0.043138
41.8000	0.720044	278.942	1.02226	0.0443949
41.7000	0.848715	278.947	1.02232	0.0435185
41.6000	0.673578	279.028	1.02322	0.0452828
41.5000	0.706171	278.951	1.02236	0.0449118
41.4000	0.581961	278.932	1.02214	0.0448955
41.3000	0.652629	278.94	1.02223	0.0435874
41.2000	0.703299	278.907	1.02187	0.0447633
41.1000	0.909821	279.005	1.02296	0.044522
41.0000	0.962732	278.893	1.02172	0.0449445
40.9000	0.984428	278.944	1.02228	0.0452076
40.8000	0.76445	278.97	1.02258	0.0442725
40.7000	0.744704	279.003	1.02294	0.045186
40.6000	0.594881	278.913	1.02193	0.0454417
40.5000	0.802394	279.001	1.02292	0.0451582
40.4000	0.847786	279.045	1.02341	0.0456869
40.3000	0.850546	278.881	1.02158	0.0459255
40.2000	0.867029	278.915	1.02196	0.0456379
40.1000	0.638675	278.95	1.02235	0.0466074
40.0000	0.941971	278.903	1.02182	0.0464723
39.9000	0.697855	278.885	1.02163	0.0469671
39.8000	0.768105	278.973	1.02261	0.0464879
39.7000	0.839432	278.952	1.02237	0.0467038
39.6000	0.824963	278.987	1.02276	0.0467532
39.5000	0.779539	278.994	1.02284	0.0461147
39.4000	0.830194	278.972	1.0226	0.0468961
39.3000	0.63765	278.826	1.02096	0.0476931
39.2000	0.783029	278.864	1.02139	0.047446
39.1000	0.870946	278.955	1.02241	0.0460666
39.0000	0.772617	278.902	1.02182	0.0460309
38.9000	0.674103	278.855	1.0213	0.0476665
38.8000	0.798921	278.939	1.02223	0.0474188
38.7000	0.679782	278.921	1.02203	0.0472118
38.6000	0.904552	278.853	1.02126	0.0481914
38.5000	0.711392	278.916	1.02197	0.048317
38.4000	0.769589	278.872	1.02148	0.047961
38.3000	0.787329	278.897	1.02176	0.0486189
38.2000	0.71152	278.894	1.02172	0.0486808
38.1000	0.562831	278.897	1.02176	0.0494555
38.0000	0.76978	278.835	1.02107	0.048697
37.9000	0.710428	278.923	1.02205	0.0486412
37.8000	0.692268	278.852	1.02126	0.0493729
37.7000	0.784677	278.904	1.02184	0.0496411
37.6000	0.82963	278.899	1.02178	0.0488124
37.5000	0.706494	278.855	1.02129	0.048615
37.4000	0.643265	278.859	1.02133	0.0486806
37.3000	0.759705	278.862	1.02136	0.0492798
37.2000	0.877621	278.826	1.02096	0.0502554
37.1000	0.993103	278.92	1.02202	0.048982
37.0000	0.794217	278.933	1.02216	0.0499637
36.9000	0.825998	278.851	1.02125	0.0499963
36.8000	0.989058	278.865	1.0214	0.0499829
36.7000	0.673253	278.85	1.02123	0.0509591
36.6000	0.572366	278.799	1.02067	0.0502003
36.5000	0.912538	278.818	1.02088	0.0505941
36.4000	0.502518	278.844	1.02116	0.0504808
36.3000	0.810468	278.768	1.02032	0.050144
36.2000	0.75795	278.771	1.02036	0.0507443
36.1000	0.69715	278.768	1.02032	0.0508639
36.0000	0.864796	278.802	1.0207	0.0510006
35.9000	0.83685	278.918	1.022	0.0513048
35.8000	0.596335	278.738	1.01998	0.0516116
35.7000	0.730853	278.783	1.02048	0.0515207
35.6000	0.814279	278.788	1.02054	0.0511957
35.5000	0.56414	278.754	1.02017	0.0529541
35.4000	0.685574	278.839	1.02111	0.0528268
35.3000	0.743689	278.738	1.01999	0.0520827
35.2000	0.75799	278.803	1.02071	0.0517311
35.1000	0.678947	278.766	1.0203	0.0522986
35.0000	0.78629	278.821	1.02091	0.0519648
34.9000	0.955408	278.804	1.02072	0.0524377
34.8000	0.922235	278.742	1.02003	0.0529185
34.7000	0.834679	278.757	1.0202	0.0534885
34.6000	0.803543	278.735	1.01996	0.054044
34.5000	0.975879	278.844	1.02116	0.0531222
34.4000	0.877005	278.817	1.02087	0.0534668
34.3000	0.958795	278.695	1.01951	0.0533814
34.2000	0.774246	278.666	1.01919	0.0534456
34.1000	0.692439	278.722	1.01981	0.0516908
34.0000	0.850626	278.772	1.02036	0.053756
33.9000	0.888239	278.733	1.01993	0.0534429
33.8000	0.943477	278.7	1.01956	0.0533251
33.7000	0.755455	278.687	1.01942	0.0540162
33.6000	0.634325	278.814	1.02083	0.0539418
33.5000	0.94174	278.771	1.02036	0.05368
33.4000	0.850858	278.763	1.02027	0.0546789
33.3000	0.740302	278.763	1.02026	0.0542419
33.2000	0.702518	278.723	1.01982	0.0553745
33.1000	0.740561	278.699	1.01956	0.0553977
33.0000	0.80367	278.667	1.0192	0.0549861
32.9000	0.831245	278.683	1.01938	0.0558091
32.8000	0.872421	278.685	1.01939	0.0552072
32.7000	0.895409	278.767	1.02031	0.055059
32.6000	0.622356	278.668	1.01921	0.0556535
32.5000	0.710316	278.693	1.01949	0.0547174
32.4000	0.866429	278.676	1.01929	0.0563909
32.3000	0.722662	278.641	1.01891	0.0557413
32.2000	0.792084	278.686	1.01941	0.0563337
32.1000	0.713531	278.63	1.01878	0.0560169
32.0000	0.787727	278.774	1.02039	0.0562801
31.9000	0.844415	278.65	1.019	0.0574114
31.8000	0.85343	278.641	1.0189	0.0567444
31.7000	0.965788	278.627	1.01874	0.0566484
31.6000	0.752946	278.67	1.01923	0.0565538
31.5000	0.771686	278.747	1.02009	0.0574059
31.4000	0.78262	278.669	1.01922	0.0572038
31.3000	0.785724	278.655	1.01907	0.0568978
31.2000	1.08162	278.623	1.0187	0.0574928
31.1000	0.78112	278.616	1.01862	0.0574672
31.0000	0.779868	278.676	1.01929	0.0568831
30.9000	0.880891	278.635	1.01884	0.0572754
30.8000	1.00017	278.7	1.01956	0.0580707
30.7000	0.78819	278.611	1.01857	0.0588119
30.6000	0.796564	278.728	1.01988	0.0574619
30.5000	0.911537	278.725	1.01984	0.0575214
30.4000	0.854274	278.724	1.01983	0.0579235
30.3000	0.848012	278.673	1.01927	0.0575364
30.2000	0.896463	278.628	1.01876	0.058105
30.1000	0.835928	278.684	1.01939	0.0581913
30.0000	0.733572	278.658	1.01909	0.0581207
29.9000	0.781752	278.609	1.01855	0.0593865
29.8000	0.678493	278.743	1.02004	0.059277
29.7000	0.829964	278.609	1.01854	0.0597174
29.6000	1.01408	278.595	1.01839	0.0591115
29.5000	0.952245	278.625	1.01873	0.0590311
29.4000	0.927039	278.614	1.01861	0.0592789
29.3000	0.952354	278.657	1.01908	0.0607033
29.2000	0.922272	278.737	1.01997	0.0583322
29.1000	0.890465	278.627	1.01875	0.0586557
29.0000	0.805998	278.687	1.01942	0.0592543
28.9000	1.01165	278.631	1.01879	0.0591511
28.8000	0.900555	278.58	1.01822	0.0601255
28.7000	0.802121	278.597	1.01841	0.0598435
28.6000	0.954659	278.635	1.01884	0.0593019
28.5000	1.02972	278.658	1.0191	0.0608891
28.4000	0.927185	278.608	1.01854	0.0614802
28.3000	0.893825	278.575	1.01817	0.0601965
28.2000	1.0307	278.682	1.01936	0.0598554
28.1000	0.84912	278.572	1.01813	0.0609779
28.0000	0.89637	278.57	1.01811	0.0604609
27.9000	0.899501	278.599	1.01843	0.0617733
27.8000	0.850838	278.539	1.01777	0.0616776
27.7000	0.950401	278.534	1.01772	0.061651
27.6000	1.10968	278.461	1.01689	0.0613297
27.5000	0.943269	278.552	1.01792	0.061647
27.4000	1.00982	278.58	1.01822	0.0610674
27.3000	0.909253	278.599	1.01844	0.0618871
27.2000	1.10557	278.636	1.01885	0.0611558
27.1000	0.932974	278.557	1.01797	0.0610069
27.0000	1.04054	278.615	1.01862	0.0621366
26.9000	0.907005	278.61	1.01857	0.0609758
26.8000	0.960896	278.606	1.01851	0.0612159
26.7000	1.01718	278.59	1.01833	0.061892
26.6000	0.971817	278.594	1.01838	0.0614604
26.5000	0.988551	278.552	1.01791	0.0628015
26.4000	0.992477	278.511	1.01746	0.0625596
26.3000	0.914679	278.457	1.01685	0.0632079
26.2000	1.11174	278.553	1.01793	0.0628457
26.1000	1.08435	278.413	1.01636	0.0631969
26.0000	1.05949	278.537	1.01774	0.0643892
25.9000	1.02043	278.582	1.01825	0.062958
25.8000	1.11859	278.487	1.01719	0.0644184
25.7000	1.21794	278.501	1.01734	0.063671
25.6000	1.12239	278.567	1.01808	0.0648132
25.5000	1.12096	278.539	1.01777	0.0646882
25.4000	1.17866	278.553	1.01792	0.06405
25.3000	1.25287	278.568	1.0181	0.0647864
25.2000	1.24476	278.64	1.01889	0.0633484
25.1000	1.3009	278.586	1.01829	0.0634412
25.0000	1.46772	278.494	1.01726	0.0627175
24.9000	1.29874	278.596	1.0184	0.0651443
24.8000	1.22126	278.636	1.01885	0.0657189
24.7000	1.26722	278.655	1.01906	0.0660725
24.6000	1.53668	278.56	1.01801	0.0652268
24.5000	1.51727	278.584	1.01827	0.0647852
24.4000	1.51458	278.685	1.0194	0.064063
24.3000	1.47419	278.581	1.01823	0.066261
24.2000	1.36755	278.649	1.01899	0.0645329
24.1000	1.36062	278.604	1.0185	0.065276
24.0000	1.60082	278.609	1.01855	0.0652583
23.9000	1.56416	278.61	1.01856	0.0662582
23.8000	1.51659	278.556	1.01796	0.067029
23.7000	1.71248	278.619	1.01866	0.0658887
23.6000	1.6175	278.576	1.01818	0.0672293
23.5000	1.59796	278.623	1.0187	0.0664001
23.4000	1.80299	278.616	1.01863	0.0672226
23.3000	1.90424	278.601	1.01846	0.0685419
23.2000	1.71045	278.66	1.01911	0.0671116
23.1000	1.82189	278.656	1.01908	0.0674809
23.0000	1.77314	278.713	1.01971	0.0685235
22.9000	1.88221	278.814	1.02084	0.0676131
22.8000	1.98502	278.78	1.02046	0.0678061
22.7000	2.13701	278.665	1.01918	0.0694961
22.6000	2.10179	278.738	1.01999	0.0682267
22.5000	2.17591	278.716	1.01974	0.0692162
22.4000	2.24469	278.734	1.01994	0.0683154
22.3000	2.21206	278.753	1.02016	0.0691159
22.2000	2.14313	278.764	1.02027	0.0696153
22.1000	2.3592	278.704	1.0196	0.0696024
22.0000	2.45441	278.746	1.02008	0.0705015
21.9000	2.35176	278.765	1.02029	0.0700895
21.8000	2.29428	278.776	1.02041	0.071212
21.7000	2.65101	278.767	1.02031	0.0704124
21.6000	2.51108	278.769	1.02033	0.0710161
21.5000	2.4837	278.844	1.02117	0.0719484
21.4000	2.52212	278.831	1.02103	0.0705751
21.3000	2.81794	278.821	1.02092	0.0711089
21.2000	2.67925	278.856	1.0213	0.0724891
21.1000	2.75552	278.793	1.0206	0.0727217
21.0000	2.72628	278.82	1.0209	0.0723363
20.9000	2.83238	278.836	1.02107	0.0718689
20.8000	2.89394	278.771	1.02036	0.0738671
20.7000	3.06878	278.802	1.0207	0.0741166
20.6000	2.91524	278.834	1.02105	0.0728107
20.5000	3.07266	278.894	1.02173	0.0731526
20.4000	3.10261	278.855	1.02129	0.0734737
20.3000	3.18981	278.854	1.02128	0.0736542
20.2000	3.15672	278.844	1.02117	0.0748822
20.1000	3.2128	278.799	1.02066	0.0747487
20.0000	3.36962	278.772	1.02037	0.0750541
19.9000	3.35259	278.861	1.02136	0.0750939
19.8000	3.40557	278.931	1.02214	0.0745241
19.7000	3.31804	278.962	1.02249	0.0758239
19.6000	3.29638	278.944	1.02228	0.0747077
19.5000	3.68863	278.982	1.02271	0.0768781
19.4000	3.4214	278.906	1.02186	0.0755531
19.3000	3.64882	278.967	1.02254	0.0763436
19.2000	3.41797	278.94	1.02224	0.076343
19.1000	3.6497	278.935	1.02219	0.0756386
19.0000	3.71147	278.943	1.02227	0.0762401
18.9000	3.78568	278.899	1.02178	0.0762539
18.8000	3.91295	278.998	1.02288	0.0756637
18.7000	3.99368	278.933	1.02216	0.0769669
18.6000	3.73113	278.953	1.02238	0.0770653
18.5000	3.84944	278.914	1.02195	0.0755852
18.4000	3.8707	278.946	1.0223	0.0770141
18.3000	3.94783	278.955	1.02241	0.0772394
18.2000	3.86537	278.969	1.02256	0.0765443
18.1000	4.11477	279.002	1.02293	0.0763824
18.0000	4.04762	278.977	1.02265	0.0781115
17.9000	4.05563	279.021	1.02314	0.0765234
17.8000	4.14631	278.973	1.0226	0.0774633
17.7000	3.94513	278.94	1.02224	0.0770597
17.6000	4.13512	278.99	1.02279	0.0776011
17.5000	3.96475	279.034	1.02328	0.0789257
17.4000	4.03402	278.987	1.02276	0.0788016
17.3000	4.14409	278.958	1.02244	0.079876
17.2000	4.10336	278.993	1.02282	0.0781845
17.1000	4.25172	279.046	1.02342	0.0787486
17.0000	4.3061	279.051	1.02348	0.0797962
16.9000	4.29822	279.01	1.02302	0.0788283
16.8000	4.22722	278.955	1.02241	0.0791953
16.7000	4.2987	279.077	1.02377	0.0806424
16.6000	4.27447	279.029	1.02323	0.0799519
16.5000	4.58103	279.037	1.02332	0.078642
16.4000	4.22668	279.051	1.02348	0.0791403
16.3000	4.24406	279.012	1.02304	0.0796155
16.2000	4.33963	278.96	1.02246	0.0797302
16.1000	4.47776	278.999	1.02289	0.0794403
16.0000	4.47592	279.047	1.02343	0.0791356
15.9000	4.45191	279.04	1.02335	0.080512
15.8000	4.40906	279.003	1.02294	0.080119
15.7000	4.47945	279.081	1.02381	0.0798194
15.6000	4.43768	279.001	1.02292	0.0802992
15.5000	4.50176	279.078	1.02378	0.0789613
15.4000	4.56461	279.026	1.0232	0.0811087
15.3000	4.43041	279.041	1.02336	0.0816168
15.2000	4.44733	279.076	1.02376	0.080149
15.1000	4.43243	278.986	1.02276	0.0807302
15.0000	4.54673	279.037	1.02332	0.0801569
14.9000	4.59818	279.084	1.02384	0.0809445
14.8000	4.56662	279.007	1.02299	0.0816394
14.7000	4.72431	279.04	1.02336	0.0821268
14.6000	4.76136	278.977	1.02265	0.0815972
14.5000	4.70253	279.042	1.02337	0.080285
14.4000	4.59313	279.159	1.02468	0.0817826
14.3000	4.52249	279.082	1.02382	0.0816778
14.2000	4.73028	279.044	1.0234	0.0813176
14.1000	4.62946	279.043	1.02339	0.0805136
14.0000	4.70564	279.023	1.02316	0.0826028
13.9000	4.59531	278.968	1.02255	0.0807612
13.8000	4.48073	279.068	1.02366	0.0820833
13.7000	4.75358	279.043	1.02339	0.0817981
13.6000	4.83179	279.058	1.02355	0.0824229
13.5000	4.56783	279.106	1.02408	0.0816976
13.4000	4.75416	279.063	1.02361	0.082353
13.3000	4.70186	279.01	1.02302	0.081827
13.2000	4.50349	279.103	1.02405	0.0824942
13.1000	4.67097	279.108	1.02411	0.0812988
13.0000	4.79593	279.021	1.02314	0.0832009
12.9000	4.63696	279.205	1.02519	0.0831564
12.8000	4.80148	279.112	1.02415	0.0824364
12.7000	4.66281	279.023	1.02317	0.0818563
12.6000	4.8946	279.051	1.02348	0.0827075
12.5000	4.87866	279.09	1.0239	0.082132
12.4000	4.79409	278.977	1.02265	0.0829334
12.3000	4.80258	279.059	1.02356	0.0835816
12.2000	4.64926	279.078	1.02377	0.083352
12.1000	4.78384	279.037	1.02332	0.0832798
12.0000	4.81047	279.081	1.0238	0.0825056
11.9000	4.64226	279.089	1.0239	0.0819215
11.8000	4.83842	279.041	1.02336	0.0829293
11.7000	4.77106	279.073	1.02372	0.0838965
11.6000	4.65606	279.005	1.02296	0.0830924
11.5000	4.97295	279.144	1.02451	0.0826278
11.4000	4.86746	279.056	1.02353	0.0824587
11.3000	4.81735	279.032	1.02326	0.083446
11.2000	4.65957	279.016	1.02308	0.0829318
11.1000	4.81333	279.104	1.02407	0.0833822
11.0000	4.80709	279.011	1.02303	0.0831663
10.9000	4.80303	279.051	1.02348	0.0833411
10.8000	4.78651	279.101	1.02403	0.0851575
10.7000	4.77115	279.103	1.02405	0.0842452
10.6000	4.89117	279.087	1.02387	0.0837224
10.5000	5.03543	279.06	1.02357	0.0830628
10.4000	4.85585	279.065	1.02363	0.0842283
10.3000	4.86637	279.014	1.02306	0.0840762
10.2000	4.8356	279.072	1.02371	0.0843416
10.1000	4.81789	279.093	1.02394	0.0840178
10.0000	4.79702	279.104	1.02406	0.0838766
9.9000	4.8423	279.073	1.02372	0.0845017
9.8000	4.68458	279.099	1.02401	0.0835955
9.7000	4.79961	279.062	1.0236	0.0847796
9.6000	4.70487	279.027	1.0232	0.0840554
9.5000	4.89089	279.082	1.02381	0.0851949
9.4000	4.87743	279.087	1.02387	0.0841167
9.3000	4.70874	279.051	1.02348	0.0839014
9.2000	4.96808	279.007	1.02299	0.0843892
9.1000	4.87907	279.099	1.02401	0.0830771
9.0000	4.92347	279.061	1.02358	0.0845619
8.9000	4.89347	279.073	1.02372	0.0846824
8.8000	4.99373	279.059	1.02356	0.084106
8.7000	4.85206	279.214	1.0253	0.0844953
8.6000	4.90571	279.102	1.02404	0.084768
8.5000	4.74174	279.031	1.02325	0.0837085
8.4000	4.9206	279.107	1.0241	0.0844963
8.3000	4.95128	279.1	1.02402	0.0851467
8.2000	4.72298	279.075	1.02374	0.0867468
8.1000	4.77773	279.07	1.02369	0.0838101
8.0000	4.8945	279.049	1.02346	0.0838336
7.9000	4.95516	279.104	1.02406	0.0843966
7.8000	4.93953	279.065	1.02363	0.0853942
7.7000	4.73088	279.096	1.02397	0.0847949
7.6000	4.85944	279.107	1.0241	0.084129
7.5000	4.78688	279.009	1.02301	0.0857701
7.4000	4.84646	279.057	1.02354	0.0842323
7.3000	4.78213	279.151	1.02459	0.0859595
7.2000	4.90244	279.055	1.02352	0.0852711
7.1000	4.81644	279.025	1.02318	0.0847367
7.0000	4.73155	279.07	1.02369	0.0859135
6.9000	4.91346	279.061	1.02359	0.0843107
6.8000	4.76844	279.106	1.02409	0.0839846
6.7000	4.86812	279.15	1.02458	0.0857172
6.6000	4.9545	279.156	1.02464	0.0855304
6.5000	4.81987	279.116	1.0242	0.08406
6.4000	4.95509	279.022	1.02315	0.085942
6.3000	5.03791	279.152	1.02459	0.0845272
6.2000	4.96471	279.127	1.02432	0.0846486
6.1000	4.94713	279.095	1.02396	0.0851734
6.0000	4.91445	279.108	1.02411	0.0843929
5.9000	4.83697	279.138	1.02445	0.0864124
5.8000	4.93567	279.053	1.0235	0.0848514
5.7000	4.95256	279.07	1.02368	0.0849454
5.6000	4.93383	279.099	1.02401	0.085627
5.5000	5.01627	279.085	1.02385	0.0853258
5.4000	4.99082	279.158	1.02467	0.0850531
5.3000	4.69744	279.04	1.02335	0.0849144
5.2000	4.82692	279.07	1.02369	0.086447
5.1000	4.96969	279.018	1.02311	0.0857053
5.0000	4.88647	279.069	1.02367	0.0859899
4.9000	4.82406	279.102	1.02404	0.0863301
4.8000	4.89957	279.097	1.02399	0.0863179
4.7000	5.05133	279.113	1.02416	0.0842368
4.6000	4.96989	279.077	1.02376	0.0863379
4.5000	4.81276	279.085	1.02386	0.0864174
4.4000	5.06088	279.19	1.02502	0.0853723
4.3000	5.20529	279.093	1.02394	0.0861277
4.2000	5.00813	279.162	1.02471	0.0857379
4.1000	4.79376	279.081	1.02381	0.0858531
4.0000	4.93261	279.052	1.02349	0.0853097
3.9000	4.89987	279.109	1.02412	0.086862
3.8000	5.03671	279.125	1.0243	0.0858574
3.7000	4.92207	279.102	1.02404	0.087025
3.6000	5.14529	279.127	1.02432	0.0853203
3.5000	5.05471	279.084	1.02384	0.0857286
3.4000	5.08383	279.091	1.02392	0.0850419
3.3000	5.02394	279.174	1.02484	0.08795
3.2000	4.88174	279.159	1.02468	0.0858478
3.1000	4.97383	279.109	1.02412	0.086726
3.0000	4.92811	279.16	1.02469	0.0855287
2.9000	5.03574	279.117	1.0242	0.0865518
2.8000	4.89334	279.05	1.02346	0.0871284
2.7000	4.86115	279.057	1.02355	0.0850288
2.6000	5.02718	279.157	1.02465	0.0858146
2.5000	4.86513	279.131	1.02437	0.0867259
2.4000	5.07308	279.155	1.02463	0.0869089
2.3000	4.89738	279.055	1.02352	0.0871239
2.2000	4.99188	279.086	1.02386	0.0869535
2.1000	5.01381	279.201	1.02514	0.0864899
2.0000	4.86972	279.16	1.02469	0.0867173
1.9000	4.96005	279.077	1.02377	0.0869155
1.8000	4.78404	279.138	1.02444	0.0856855
1.7000	5.02429	279.091	1.02391	0.0872889
1.6000	4.84245	279.187	1.02498	0.0868968
1.5000	4.79892	279.125	1.0243	0.0856271
1.4000	5.01697	279.099	1.02401	0.0873799
1.3000	4.92104	279.119	1.02424	0.0871554
1.2000	5.14402	279.148	1.02455	0.0875365
1.1000	5.00459	279.157	1.02466	0.086841
1.0000	4.92758	279.133	1.02438	0.0871275
0.9000	5.06659	279.134	1.0244	0.0885762
0.8000	4.91659	279.187	1.02499	0.0870192
0.7000	4.90594	279.136	1.02442	0.0875875
0.6000	4.96277	279.168	1.02477	0.0863549
0.5000	4.85624	279.094	1.02396	0.0874942
0.4000	4.90961	279.111	1.02414	0.0881856
0.3000	5.01318	279.148	1.02455	0.0879727
0.2000	5.03555	279.193	1.02506	0.0869347
0.1000	4.79523	279.135	1.02441	0.088602
0.0000	5.0253	279.146	1.02454	0.0879962
-0.1000	4.83583	279.217	1.02532	0.086416
-0.2000	4.82792	279.167	1.02476	0.0871183
-0.3000	4.92193	279.177	1.02487	0.086701
-0.4000	5.04923	279.226	1.02542	0.0880659
-0.5000	5.02613	279.181	1.02492	0.0883618
-0.6000	5.07308	279.125	1.0243	0.088059
-0.7000	4.97171	279.128	1.02433	0.0874574
-0.8000	4.72035	279.119	1.02423	0.0879045
-0.9000	4.93174	279.145	1.02452	0.0865422
-1.0000	4.98707	279.166	1.02475	0.0870437
-1.1000	5.00161	279.23	1.02546	0.0892289
-1.2000	5.02448	279.14	1.02447	0.087881
-1.3000	4.97517	279.139	1.02445	0.0887947
-1.4000	4.91959	279.207	1.02522	0.0876854
-1.5000	4.83915	279.189	1.02502	0.0883718
-1.6000	5.05974	279.162	1.02471	0.0870811
-1.7000	4.90695	279.16	1.02469	0.0896501
-1.8000	4.86431	279.162	1.02471	0.0884091
-1.9000	4.84614	279.066	1.02364	0.0874831
-2.0000	4.88937	279.134	1.0244	0.087226
-2.1000	4.99012	279.184	1.02496	0.0885412
-2.2000	4.92069	279.114	1.02417	0.0876831
-2.3000	5.00674	279.163	1.02472	0.0881947
-2.4000	4.93221	279.059	1.02356	0.086924
-2.5000	4.88323	279.09	1.0239	0.0880674
-2.6000	4.94771	279.175	1.02486	0.0882899
-2.7000	4.76818	279.135	1.02441	0.0877953
-2.8000	5.19785	279.107	1.0241	0.0892676
-2.9000	4.96191	279.186	1.02497	0.0886754
-3.0000	4.98524	279.163	1.02472	0.0905145
-3.1000	5.12069	279.172	1.02482	0.0884478
-3.2000	4.92929	279.117	1.02421	0.0875815
-3.3000	4.9498	279.085	1.02385	0.0897523
-3.4000	5.0181	279.196	1.02509	0.0900273
-3.5000	5.09496	279.156	1.02465	0.0897769
-3.6000	5.01061	279.095	1.02396	0.090174
-3.7000	4.86111	279.162	1.02471	0.0898632
-3.8000	4.99209	279.131	1.02436	0.0894416
-3.9000	4.95302	279.153	1.02461	0.0908273
-4.0000	5.07811	279.135	1.02441	0.089063
-4.1000	5.16649	279.12	1.02424	0.0915057
-4.2000	4.95909	279.129	1.02435	0.0908552
-4.3000	5.02186	279.262	1.02583	0.088765
-4.4000	4.97126	279.103	1.02406	0.0886312
-4.5000	4.73611	279.1	1.02402	0.0868826
-4.6000	4.86672	279.111	1.02414	0.0894802
-4.7000	4.84007	279.055	1.02351	0.0886158
-4.8000	4.76636	279.173	1.02484	0.0891757
-4.9000	4.98597	279.162	1.02472	0.0896666
-5.0000	4.68507	279.137	1.02443	0.0895146
