90.0000	0.0748352	372.481	1.96112	0.0451871
89.9000	0.344493	372.859	1.96449	0.04306
89.8000	0.344493	372.859	1.96449	0.04306
89.7000	0.344493	372.859	1.96449	0.04306
89.6000	0.407899	372.911	1.96496	0.0431454
89.5000	0.407899	372.911	1.96496	0.0431454
89.4000	0.229555	373.016	1.9659	0.0434896
89.3000	0.0963501	372.925	1.96508	0.0428344
89.2000	0.0963501	372.925	1.96508	0.0428344
89.1000	0.316217	372.951	1.96532	0.0431501
89.0000	0.253493	372.975	1.96553	0.0432945
88.9000	0.253493	372.975	1.96553	0.0432945
88.8000	0.204771	372.959	1.96539	0.043719
88.7000	0.36469	372.991	1.96568	0.0437453
88.6000	0.324742	373.01	1.96585	0.0438237
88.5000	-0.13241	373.084	1.9665	0.0438164
88.4000	0.428314	372.903	1.96489	0.0446669
88.3000	0.495709	372.863	1.96453	0.0444456
88.2000	0.31293	372.864	1.96455	0.0430881
88.1000	0.189172	372.989	1.96566	0.0437853
88.0000	-0.218227	373.093	1.96659	0.044353
87.9000	0.0581894	372.934	1.96517	0.0446267
87.8000	-0.242166	372.845	1.96437	0.0449132
87.7000	-0.120958	372.887	1.96475	0.0447865
87.6000	0.226448	372.782	1.96381	0.045148
87.5000	-0.166792	372.667	1.96278	0.0458916
87.4000	0.26662	372.763	1.96364	0.0453941
87.3000	0.714717	372.705	1.96313	0.0449615
87.2000	-0.24651	372.739	1.96342	0.0464149
87.1000	0.239046	372.752	1.96354	0.0452172
87.0000	-0.0838867	372.721	1.96327	0.045413
86.9000	0.0789444	372.822	1.96417	0.046422
86.8000	0.323779	372.743	1.96346	0.0454062
86.7000	0.220505	372.776	1.96376	0.0458688
86.6000	0.260831	372.709	1.96316	0.0452415
86.5000	0.198549	372.642	1.96256	0.0466053
86.4000	0.0214584	372.701	1.96308	0.0459624
86.3000	1.03411	372.734	1.96338	0.0469756
86.2000	0.39895	372.739	1.96343	0.0462869
86.1000	0.275623	372.731	1.96336	0.0475147
86.0000	0.25284	372.673	1.96283	0.0459026
85.9000	0.026445	372.699	1.96307	0.0461686
85.8000	0.497523	372.679	1.96289	0.0473566
85.7000	0.234338	372.691	1.96299	0.0466959
85.6000	0.479593	372.636	1.96251	0.0474297
85.5000	-0.110588	372.583	1.96204	0.0480376
85.4000	0.0929733	372.551	1.96175	0.0481182
85.3000	0.187323	372.501	1.9613	0.0476264
85.2000	0.16933	372.589	1.96209	0.0478992
85.1000	0.293681	372.56	1.96183	0.0479583
85.0000	0.00461884	372.463	1.96096	0.048603
84.9000	0.520049	372.455	1.96089	0.0480186
84.8000	0.154385	372.415	1.96054	0.0486272
84.7000	0.548816	372.48	1.96112	0.0490113
84.6000	0.214427	372.504	1.96133	0.0483429
84.5000	-0.161188	372.447	1.96082	0.0497425
84.4000	-0.0515564	372.385	1.96026	0.0491592
84.3000	0.0314224	372.328	1.95976	0.0491313
84.2000	0.134233	372.355	1.96	0.0489
84.1000	0.250589	372.394	1.96035	0.0497635
84.0000	0.263918	372.354	1.95999	0.0505454
83.9000	-0.0642334	372.169	1.95833	0.0489823
83.8000	0.00240326	372.197	1.95858	0.0503865
83.7000	0.369334	372.188	1.95851	0.050591
83.6000	0.385588	372.187	1.9585	0.0514493
83.5000	0.0381149	372.304	1.95954	0.0515992
83.4000	0.0610016	372.166	1.95831	0.0505957
83.3000	0.261847	372.184	1.95847	0.0512112
83.2000	0.31683	372.201	1.95862	0.0511405
83.1000	0.567519	372.141	1.95808	0.051703
83.0000	0.186824	372.048	1.95725	0.051548
82.9000	0.493466	372.088	1.95761	0.0516249
82.8000	-0.0922958	372.215	1.95875	0.0519305
82.7000	-0.0987289	372.094	1.95766	0.0522652
82.6000	0.203093	372.082	1.95756	0.0522246
82.5000	0.0954391	371.931	1.9562	0.0530658
82.4000	0.455621	372.025	1.95705	0.0515307
82.3000	0.186778	371.983	1.95667	0.0517726
82.2000	0.538602	371.913	1.95604	0.0521803
82.1000	0.614728	371.846	1.95544	0.0534595
82.0000	0.176802	371.924	1.95614	0.0537204
81.9000	0.0637741	371.82	1.95522	0.0544265
81.8000	-0.130911	371.758	1.95466	0.0537697
81.7000	0.0764694	371.783	1.95489	0.0537119
81.6000	0.0367905	371.664	1.95382	0.055026
81.5000	0.39953	371.775	1.95481	0.054733
81.4000	0.540103	371.713	1.95425	0.0538245
81.3000	0.268791	371.768	1.95475	0.0540313
81.2000	0.34489	371.732	1.95442	0.0539827
81.1000	0.231987	371.706	1.95419	0.0553034
81.0000	-0.0357681	371.65	1.95369	0.0560763
80.9000	-0.0888367	371.671	1.95388	0.0562845
80.8000	0.184026	371.505	1.9524	0.0561598
80.7000	0.39828	371.474	1.95212	0.056016
80.6000	0.510577	371.456	1.95196	0.0581631
80.5000	0.407346	371.43	1.95172	0.056369
80.4000	0.125516	371.389	1.95136	0.0573209
80.3000	0.0912796	371.366	1.95115	0.0570833
80.2000	-0.0818909	371.18	1.94948	0.0585437
80.1000	0.563022	371.27	1.95029	0.057755
80.0000	0.13573	371.256	1.95016	0.0576058
79.9000	0.592021	371.209	1.94974	0.0569147
79.8000	0.414034	371.119	1.94894	0.0581675
79.7000	0.2097	371.092	1.94869	0.058388
79.6000	0.121205	371.037	1.9482	0.0597629
79.5000	0.121458	370.966	1.94756	0.0577423
79.4000	0.310121	370.913	1.94709	0.0589688
79.3000	0.38069	370.858	1.9466	0.059708
79.2000	0.538249	370.941	1.94734	0.0592403
79.1000	0.000863647	370.864	1.94665	0.0596129
79.0000	-0.133041	370.788	1.94596	0.0602637
78.9000	0.512695	370.784	1.94593	0.060378
78.8000	0.41745	370.835	1.94639	0.0608716
78.7000	0.391792	370.818	1.94623	0.0606584
78.6000	0.0573853	370.724	1.94539	0.0607032
78.5000	0.629318	370.613	1.94439	0.0615412
78.4000	0.234857	370.661	1.94483	0.0622116
78.3000	0.0133438	370.586	1.94415	0.0621285
78.2000	0.0048584	370.57	1.94401	0.0623733
78.1000	0.480974	370.486	1.94326	0.0628003
78.0000	0.820831	370.367	1.94219	0.0636615
77.9000	0.402959	370.426	1.94272	0.0642483
77.8000	0.063205	370.44	1.94285	0.0640214
77.7000	0.2867	370.302	1.94161	0.0635784
77.6000	0.270206	370.333	1.94188	0.0660183
77.5000	0.524254	370.106	1.93984	0.0651929
77.4000	0.586923	370.125	1.94001	0.0650135
77.3000	0.724069	370.03	1.93916	0.0655595
77.2000	0.433258	370.096	1.93975	0.0642787
77.1000	0.375296	370.145	1.94019	0.0654952
77.0000	0.0630463	370.02	1.93907	0.0661865
76.9000	0.46001	369.906	1.93804	0.065707
76.8000	0.515306	369.802	1.93711	0.0666911
76.7000	0.348958	369.786	1.93697	0.0673264
76.6000	0.246472	369.885	1.93786	0.0673795
76.5000	0.732141	369.819	1.93726	0.0684551
76.4000	0.648462	369.689	1.93609	0.0688234
76.3000	0.247011	369.549	1.93483	0.0677168
76.2000	0.446701	369.619	1.93546	0.0692841
76.1000	0.617171	369.511	1.93449	0.0689203
76.0000	0.296878	369.523	1.9346	0.0683336
75.9000	0.615503	369.439	1.93385	0.0697293
75.8000	0.649858	369.218	1.93185	0.0697196
75.7000	0.682773	369.257	1.9322	0.0688536
75.6000	0.44906	369.131	1.93106	0.0700489
75.5000	0.803325	369.142	1.93117	0.071578
75.4000	0.449722	369.117	1.93095	0.0716138
75.3000	0.640115	369.026	1.93012	0.0714761
75.2000	1.16638	369.07	1.93052	0.071627
75.1000	0.687639	368.867	1.92869	0.0718474
75.0000	0.901189	368.842	1.92846	0.0727436
74.9000	0.365303	368.775	1.92785	0.071809
74.8000	0.546156	368.777	1.92787	0.0742568
74.7000	1.07733	368.875	1.92876	0.0740578
74.6000	0.491069	368.787	1.92796	0.075188
74.5000	0.679778	368.8	1.92809	0.0747599
74.4000	0.265137	368.578	1.92608	0.0738137
74.3000	0.533669	368.483	1.92523	0.0754115
74.2000	0.667772	368.535	1.92569	0.0754197
74.1000	0.559238	368.508	1.92545	0.07629
74.0000	0.802112	368.418	1.92464	0.0763189
73.9000	0.84081	368.404	1.92451	0.0759218
73.8000	0.633444	368.351	1.92403	0.076466
73.7000	0.555798	368.162	1.92233	0.0782952
73.6000	0.909708	368.167	1.92237	0.0778686
73.5000	0.665529	368.114	1.92189	0.0783981
73.4000	0.580598	367.964	1.92053	0.079271
73.3000	0.518445	367.84	1.91942	0.0782356
73.2000	0.790018	367.842	1.91943	0.0787864
73.1000	0.781429	367.684	1.91801	0.0774835
73.0000	0.259288	367.645	1.91765	0.0800676
72.9000	0.894914	367.72	1.91833	0.0808548
72.8000	1.04795	367.476	1.91612	0.0813908
72.7000	0.639262	367.384	1.91529	0.0818718
72.6000	0.485904	367.405	1.91548	0.0834304
72.5000	0.368306	367.228	1.91388	0.0818026
72.4000	0.815025	367.261	1.91418	0.0826654
72.3000	1.05329	367.18	1.91344	0.0817715
72.2000	0.28645	367.209	1.9137	0.083452
72.1000	0.400769	367.107	1.91278	0.0840732
72.0000	0.79035	367.103	1.91275	0.0844922
71.9000	0.931168	367.052	1.91228	0.0845462
71.8000	0.645207	366.987	1.91169	0.0850643
71.7000	0.690134	366.918	1.91107	0.0857965
71.6000	0.498521	367	1.91181	0.0865007
71.5000	0.635728	366.815	1.91013	0.0865909
71.4000	1.07219	366.627	1.90843	0.0871853
71.3000	0.66772	366.598	1.90817	0.0892956
71.2000	1.27746	366.611	1.90828	0.0890778
71.1000	0.68503	366.472	1.90702	0.0896962
71.0000	1.37718	366.487	1.90716	0.0887847
70.9000	0.255148	366.468	1.90699	0.0895008
70.8000	0.597072	366.24	1.90491	0.0895674
70.7000	0.675826	366.124	1.90386	0.0907321
70.6000	0.846831	366.129	1.90391	0.0907437
70.5000	0.936073	366.157	1.90417	0.0915952
70.4000	0.431917	366.067	1.90334	0.0917388
70.3000	0.900168	366.029	1.903	0.0926299
70.2000	1.00022	366.025	1.90296	0.0922534
70.1000	0.717294	365.998	1.90272	0.0915847
70.0000	0.694269	365.851	1.90138	0.0933111
69.9000	0.698936	365.713	1.90012	0.0946427
69.8000	0.820145	365.581	1.89893	0.0939618
69.7000	0.931862	365.526	1.89843	0.094254
69.6000	1.14848	365.466	1.89788	0.0943573
69.5000	0.631117	365.449	1.89772	0.0951517
69.4000	1.32169	365.339	1.89673	0.0974344
69.3000	0.781161	365.285	1.89624	0.0960163
69.2000	0.756149	365.213	1.89558	0.09749
69.1000	0.889258	365.202	1.89548	0.0971008
69.0000	0.593604	365.006	1.8937	0.0990919
68.9000	0.949249	365.156	1.89506	0.0986039
68.8000	0.822652	364.983	1.89348	0.0984016
68.7000	1.15088	364.955	1.89323	0.0983008
68.6000	1.10801	364.867	1.89242	0.0973039
68.5000	0.800569	364.764	1.89149	0.100628
68.4000	1.46585	364.692	1.89084	0.10146
68.3000	1.12822	364.681	1.89073	0.100558
68.2000	1.09933	364.564	1.88966	0.101372
68.1000	1.18729	364.404	1.88821	0.102511
68.0000	0.934392	364.373	1.88793	0.103994
67.9000	1.04435	364.221	1.88654	0.103808
67.8000	0.778914	364.249	1.88679	0.104019
67.7000	0.706992	364.158	1.88596	0.104971
67.6000	1.03553	364.131	1.88572	0.105992
67.5000	0.884044	364.139	1.88579	0.106406
67.4000	0.880357	363.815	1.88283	0.107224
67.3000	1.329	363.775	1.88247	0.105809
67.2000	1.329	363.775	1.88247	0.105809
67.1000	0.690898	363.727	1.88203	0.107988
67.0000	1.30739	363.669	1.88149	0.108081
66.9000	1.37412	363.643	1.88126	0.108768
66.8000	1.03207	363.29	1.87803	0.110721
66.7000	1.28914	363.274	1.87788	0.110564
66.6000	1.28707	363.211	1.87731	0.111238
66.5000	1.282	363.003	1.87541	0.112758
66.4000	1.48428	362.953	1.87494	0.112479
66.3000	1.31466	363.021	1.87557	0.113407
66.2000	1.62548	363.018	1.87554	0.114241
66.1000	1.46166	362.912	1.87457	0.11459
66.0000	1.13073	362.835	1.87386	0.114318
65.9000	1.11167	362.704	1.87266	0.114295
65.8000	1.00757	362.445	1.87029	0.117694
65.7000	1.3972	362.503	1.87082	0.116225
65.6000	1.28315	362.41	1.86997	0.118108
65.5000	1.16346	362.3	1.86896	0.117674
65.4000	0.948836	362.338	1.86931	0.119888
65.3000	1.21848	362.182	1.86788	0.119769
65.2000	1.20627	362.106	1.86718	0.119728
65.1000	1.42095	362.182	1.86788	0.119496
65.0000	1.56091	361.972	1.86595	0.120503
64.9000	0.905441	361.935	1.86561	0.121824
64.8000	1.23594	361.705	1.8635	0.121714
64.7000	1.07975	361.589	1.86243	0.123039
64.6000	1.21097	361.512	1.86172	0.123819
64.5000	0.820091	361.506	1.86167	0.126397
64.4000	1.34049	361.45	1.86115	0.126505
64.3000	1.63089	361.381	1.86052	0.126747
64.2000	1.07408	361.291	1.85969	0.126177
64.1000	1.45248	361.213	1.85898	0.127613
64.0000	1.43825	361.018	1.85718	0.127999
63.9000	1.85544	360.945	1.85651	0.129541
63.8000	1.55328	360.877	1.85589	0.131422
63.7000	1.48554	360.777	1.85496	0.129973
63.6000	1.49228	360.74	1.85462	0.131574
63.5000	1.40249	360.634	1.85364	0.13027
63.4000	1.15535	360.588	1.85322	0.131313
63.3000	1.00861	360.5	1.85241	0.134462
63.2000	1.0352	360.288	1.85045	0.134953
63.1000	1.26388	360.318	1.85073	0.13357
63.0000	1.3334	360.279	1.85037	0.134639
62.9000	1.13552	360.157	1.84925	0.136744
62.8000	1.52761	359.952	1.84736	0.137643
62.7000	0.942065	360.057	1.84833	0.134494
62.6000	1.35239	359.964	1.84747	0.138026
62.5000	1.52593	359.864	1.84655	0.14026
62.4000	1.25425	359.708	1.84511	0.139662
62.3000	1.13761	359.689	1.84493	0.14146
62.2000	1.58337	359.588	1.84399	0.13966
62.1000	1.19299	359.494	1.84313	0.139061
62.0000	1.28708	359.342	1.84172	0.143173
61.9000	1.53117	359.299	1.84133	0.142307
61.8000	1.25189	359.267	1.84103	0.141883
61.7000	1.5337	359.196	1.84037	0.144356
61.6000	1.47306	359.053	1.83905	0.144209
61.5000	1.69605	358.914	1.83777	0.14737
61.4000	1.57864	358.97	1.83829	0.145931
61.3000	1.60808	358.777	1.8365	0.148
61.2000	1.76427	358.75	1.83624	0.148579
61.1000	1.64713	358.701	1.8358	0.148718
61.0000	1.42089	358.424	1.83323	0.151547
60.9000	1.29306	358.508	1.834	0.150627
60.8000	1.55779	358.449	1.83346	0.150998
60.7000	1.91178	358.424	1.83322	0.152117
60.6000	1.83233	358.377	1.83279	0.153137
60.5000	1.57989	358.079	1.83003	0.154721
60.4000	1.80669	358.001	1.8293	0.155775
60.3000	1.6613	358.058	1.82984	0.154957
60.2000	1.38922	357.953	1.82887	0.15601
60.1000	0.970108	358.009	1.82938	0.155195
60.0000	1.53468	357.776	1.82722	0.156116
59.9000	1.70607	357.787	1.82732	0.15771
59.8000	1.11549	357.586	1.82546	0.159534
59.7000	1.88467	357.418	1.82389	0.160343
59.6000	1.47563	357.385	1.82359	0.162238
59.5000	1.39271	357.233	1.82218	0.163804
59.4000	1.76669	357.144	1.82135	0.164431
59.3000	1.32878	357.156	1.82146	0.164424
59.2000	1.73999	356.993	1.81995	0.162699
59.1000	1.55773	357.028	1.82027	0.164292
59.0000	1.56655	356.97	1.81973	0.163966
58.9000	1.84389	356.741	1.8176	0.168395
58.8000	1.87508	356.71	1.81731	0.168234
58.7000	1.68194	356.636	1.81663	0.168735
58.6000	1.66237	356.643	1.81669	0.170171
58.5000	1.42334	356.419	1.81461	0.170181
58.4000	1.91681	356.359	1.81405	0.1735
58.3000	1.67947	356.216	1.81271	0.172095
58.2000	1.65378	356.216	1.81272	0.170385
58.1000	2.13268	356.128	1.8119	0.173448
58.0000	1.81652	356.042	1.8111	0.174441
57.9000	1.92715	355.942	1.81016	0.176309
57.8000	1.79479	355.96	1.81033	0.178209
57.7000	1.94165	355.831	1.80913	0.176002
57.6000	1.78849	355.717	1.80806	0.174833
57.5000	1.67421	355.766	1.80852	0.174987
57.4000	1.97719	355.615	1.80711	0.176402
57.3000	1.82962	355.595	1.80692	0.180925
57.2000	1.94474	355.309	1.80426	0.180398
57.1000	1.80262	355.281	1.804	0.182903
57.0000	1.77799	355.226	1.80348	0.183862
56.9000	1.4476	355.326	1.80442	0.182374
56.8000	1.65823	355.112	1.80241	0.185398
56.7000	2.18366	355.084	1.80216	0.184449
56.6000	2.08306	354.99	1.80127	0.185297
56.5000	1.84266	354.706	1.79862	0.189343
56.4000	1.27911	354.773	1.79924	0.190586
56.3000	2.0986	354.702	1.79858	0.188735
56.2000	1.46799	354.569	1.79734	0.187783
56.1000	2.07357	354.573	1.79737	0.187892
56.0000	2.008	354.488	1.79659	0.191286
55.9000	2.26992	354.428	1.79602	0.192567
55.8000	1.7479	354.28	1.79464	0.194722
55.7000	1.76122	354.375	1.79552	0.194484
55.6000	1.87185	354.119	1.79313	0.196006
55.5000	2.02704	354.118	1.79312	0.194421
55.4000	2.22499	353.983	1.79185	0.196498
55.3000	1.71483	353.953	1.79157	0.199295
55.2000	1.69017	353.767	1.78983	0.199998
55.1000	1.82693	353.806	1.79019	0.198231
55.0000	2.05058	353.669	1.78891	0.199327
54.9000	1.61621	353.655	1.78878	0.199102
54.8000	1.54523	353.474	1.78708	0.20267
54.7000	1.91845	353.399	1.78638	0.203886
54.6000	1.7603	353.311	1.78555	0.20602
54.5000	2.10473	353.401	1.78639	0.204303
54.4000	1.84864	353.349	1.78591	0.204426
54.3000	2.04714	353.012	1.78275	0.208328
54.2000	2.24017	353.057	1.78316	0.209957
54.1000	1.73075	352.901	1.7817	0.209724
54.0000	1.81124	352.891	1.78161	0.210727
53.9000	2.22356	352.825	1.78099	0.207163
53.8000	1.86773	352.848	1.7812	0.21186
53.7000	2.10714	352.652	1.77936	0.211556
53.6000	1.98871	352.652	1.77936	0.212588
53.5000	1.90006	352.635	1.7792	0.215566
53.4000	2.19113	352.343	1.77646	0.215281
53.3000	2.23907	352.289	1.77595	0.21762
53.2000	1.99335	352.232	1.77541	0.217911
53.1000	1.78159	352.272	1.77578	0.2175
53.0000	2.10928	352.084	1.77402	0.217865
52.9000	2.10024	352.034	1.77354	0.219639
52.8000	1.89225	351.982	1.77305	0.219791
52.7000	1.99944	351.925	1.77252	0.223079
52.6000	1.83806	351.84	1.77172	0.221183
52.5000	2.28267	351.744	1.77082	0.2235
52.4000	2.01849	351.654	1.76996	0.225069
52.3000	1.81119	351.616	1.76961	0.225978
52.2000	2.03194	351.48	1.76832	0.228329
52.1000	2.43171	351.429	1.76785	0.227575
52.0000	2.21666	351.301	1.76664	0.229338
51.9000	1.98017	351.295	1.76659	0.230634
51.8000	2.15735	351.281	1.76645	0.228821
51.7000	1.91832	351.218	1.76586	0.22923
51.6000	2.43841	351.079	1.76454	0.232319
51.5000	2.05381	351.114	1.76488	0.233625
51.4000	1.89021	350.975	1.76356	0.234334
51.3000	2.13052	350.906	1.76291	0.236229
51.2000	2.01317	350.839	1.76228	0.23585
51.1000	1.91254	350.773	1.76166	0.2379
51.0000	2.46455	350.706	1.76103	0.237792
50.9000	2.29641	350.575	1.75978	0.239468
50.8000	2.07312	350.63	1.7603	0.237653
50.7000	1.95839	350.398	1.75811	0.240865
50.6000	2.29119	350.353	1.75769	0.243388
50.5000	1.96416	350.389	1.75803	0.24391
50.4000	1.9298	350.333	1.7575	0.242847
50.3000	2.45901	350.128	1.75556	0.244518
50.2000	2.07457	350.054	1.75486	0.244106
50.1000	2.25946	350.118	1.75546	0.24593
50.0000	1.51929	350.02	1.75453	0.248351
49.9000	2.16015	349.986	1.75421	0.248117
49.8000	2.38514	349.947	1.75385	0.24999
49.7000	1.99616	349.921	1.7536	0.248324
49.6000	2.13129	349.808	1.75253	0.247855
49.5000	2.23299	349.724	1.75174	0.252089
49.4000	2.16055	349.652	1.75106	0.252659
49.3000	2.42076	349.611	1.75066	0.254278
49.2000	2.00141	349.568	1.75026	0.252349
49.1000	2.23115	349.535	1.74994	0.254953
49.0000	2.41541	349.262	1.74736	0.256699
48.9000	2.41409	349.236	1.74712	0.25612
48.8000	2.29525	349.28	1.74753	0.259407
48.7000	2.22447	349.229	1.74704	0.260448
48.6000	2.45843	349.134	1.74615	0.26092
48.5000	2.39796	349.231	1.74707	0.261833
48.4000	2.20425	349.12	1.74601	0.258249
48.3000	2.47526	349.035	1.7452	0.260262
48.2000	2.2505	348.977	1.74465	0.261869
48.1000	2.40862	348.848	1.74343	0.265008
48.0000	2.12179	348.74	1.74241	0.267333
47.9000	2.14055	348.603	1.74111	0.265269
47.8000	2.20471	348.707	1.74209	0.265269
47.7000	2.21578	348.633	1.74139	0.26583
47.6000	2.14631	348.466	1.73981	0.267976
47.5000	2.40722	348.497	1.74009	0.269572
47.4000	2.50343	348.511	1.74023	0.268933
47.3000	2.72742	348.224	1.73751	0.274285
47.2000	2.13319	348.353	1.73873	0.270481
47.1000	2.13617	348.176	1.73705	0.276597
47.0000	1.9266	348.188	1.73716	0.275349
46.9000	2.36682	348.204	1.73731	0.27397
46.8000	2.18636	348.062	1.73596	0.2747
46.7000	2.33511	348.151	1.73681	0.277187
46.6000	2.39426	348.129	1.7366	0.276844
46.5000	2.5509	347.92	1.73461	0.280956
46.4000	2.18777	347.866	1.7341	0.278178
46.3000	2.23376	347.837	1.73382	0.280291
46.2000	2.01261	347.829	1.73375	0.283209
46.1000	2.11022	347.724	1.73274	0.282868
46.0000	2.1492	347.598	1.73155	0.285614
45.9000	2.20066	347.556	1.73115	0.285508
45.8000	2.13334	347.527	1.73087	0.283385
45.7000	2.24944	347.544	1.73104	0.286503
45.6000	2.27198	347.431	1.72996	0.288069
45.5000	2.14195	347.364	1.72932	0.289126
45.4000	2.46042	347.341	1.7291	0.289713
45.3000	2.35262	347.27	1.72842	0.292059
45.2000	2.49277	347.189	1.72765	0.293335
45.1000	2.35146	347.117	1.72697	0.293265
45.0000	2.48494	347.086	1.72667	0.291466
44.9000	2.61552	346.996	1.72581	0.292946
44.8000	2.49874	347.023	1.72607	0.297673
44.7000	2.32393	346.889	1.7248	0.297725
44.6000	2.4319	346.824	1.72417	0.297533
44.5000	2.62093	346.962	1.72549	0.298289
44.4000	2.37566	346.807	1.72401	0.299275
44.3000	2.3192	346.607	1.7221	0.299981
44.2000	2.45664	346.554	1.7216	0.300044
44.1000	2.67168	346.514	1.72121	0.303754
44.0000	2.55943	346.518	1.72125	0.304792
43.9000	2.44276	346.389	1.72002	0.304027
43.8000	2.6835	346.379	1.71993	0.302911
43.7000	2.30937	346.367	1.71981	0.305702
43.6000	2.41595	346.259	1.71878	0.305194
43.5000	1.9741	346.216	1.71837	0.307084
43.4000	2.3929	346.11	1.71736	0.307747
43.3000	2.36075	346.084	1.71711	0.309824
43.2000	2.2841	346.01	1.7164	0.311816
43.1000	2.55159	345.822	1.7146	0.312202
43.0000	2.45778	345.845	1.71483	0.310708
42.9000	2.51706	345.867	1.71503	0.311928
42.8000	2.23407	345.857	1.71494	0.310232
42.7000	2.605	345.74	1.71382	0.313735
42.6000	2.55421	345.706	1.7135	0.317019
42.5000	2.29736	345.673	1.71318	0.314104
42.4000	2.9113	345.612	1.71259	0.316999
42.3000	2.43134	345.513	1.71165	0.318493
42.2000	2.49435	345.521	1.71173	0.318219
42.1000	2.60071	345.453	1.71107	0.317409
42.0000	2.29725	345.451	1.71105	0.318907
41.9000	2.45947	345.346	1.71005	0.320645
41.8000	2.40061	345.268	1.7093	0.322923
41.7000	2.58109	345.215	1.7088	0.325651
41.6000	2.68379	345.16	1.70827	0.325162
41.5000	2.52795	345.109	1.70778	0.326085
41.4000	2.33116	345.046	1.70718	0.327085
41.3000	2.48595	345.166	1.70833	0.326331
41.2000	3.01264	344.932	1.70608	0.330567
41.1000	2.15996	344.989	1.70663	0.32805
41.0000	2.70307	344.936	1.70613	0.327398
40.9000	2.82501	344.868	1.70547	0.330376
40.8000	2.64469	344.79	1.70472	0.331772
40.7000	2.43537	344.78	1.70463	0.334919
40.6000	2.40636	344.701	1.70387	0.336073
40.5000	2.68997	344.712	1.70397	0.334673
40.4000	2.55155	344.513	1.70207	0.335016
40.3000	2.52111	344.553	1.70245	0.336085
40.2000	2.29834	344.531	1.70224	0.334872
40.1000	2.69876	344.415	1.70112	0.339305
40.0000	2.50848	344.437	1.70134	0.334956
39.9000	2.79431	344.413	1.7011	0.3392
39.8000	2.53823	344.424	1.70121	0.337231
39.7000	2.74701	344.38	1.70079	0.340612
39.6000	2.53935	344.254	1.69958	0.342415
39.5000	2.47123	344.212	1.69918	0.342967
39.4000	2.42181	344.11	1.6982	0.344236
39.3000	2.44985	344.172	1.69879	0.344076
39.2000	2.75907	344.084	1.69795	0.346897
39.1000	2.28785	344.052	1.69764	0.34668
39.0000	2.94095	343.993	1.69707	0.346945
38.9000	2.96191	344.006	1.6972	0.347909
38.8000	2.94551	343.922	1.6964	0.350707
38.7000	2.96732	343.876	1.69595	0.351053
38.6000	3.01413	343.854	1.69574	0.350718
38.5000	2.59798	343.812	1.69534	0.354187
38.4000	2.83977	343.716	1.69441	0.352282
38.3000	2.70533	343.736	1.69461	0.35465
38.2000	2.65643	343.691	1.69418	0.354339
38.1000	2.72816	343.716	1.69442	0.354284
38.0000	2.96525	343.622	1.69351	0.355789
37.9000	2.7254	343.575	1.69306	0.356952
37.8000	2.64026	343.519	1.69252	0.358531
37.7000	2.96068	343.523	1.69256	0.359089
37.6000	2.7441	343.452	1.69188	0.357582
37.5000	2.76642	343.365	1.69104	0.359422
37.4000	2.96799	343.348	1.69087	0.358686
37.3000	3.04473	343.294	1.69035	0.361055
37.2000	2.87499	343.318	1.69059	0.362185
37.1000	2.87633	343.238	1.68982	0.364111
37.0000	2.92662	343.258	1.69	0.363401
36.9000	3.12915	343.106	1.68854	0.366102
36.8000	2.82854	343.012	1.68764	0.365573
36.7000	2.85637	343.123	1.68871	0.368456
36.6000	2.98974	342.995	1.68748	0.367369
36.5000	2.94027	343.062	1.68812	0.370594
36.4000	2.86328	342.883	1.6864	0.367089
36.3000	2.46871	342.959	1.68713	0.368994
36.2000	3.06857	342.826	1.68585	0.371974
36.1000	2.77006	342.871	1.68629	0.3701
36.0000	3.03843	342.807	1.68567	0.371302
35.9000	3.25204	342.704	1.68467	0.375663
35.8000	3.10492	342.701	1.68464	0.373925
35.7000	3.17386	342.632	1.68398	0.375818
35.6000	3.00552	342.643	1.68408	0.377239
35.5000	3.42495	342.613	1.6838	0.377721
35.4000	3.10702	342.56	1.68329	0.375455
35.3000	3.32258	342.557	1.68326	0.379899
35.2000	3.34704	342.5	1.68271	0.379286
35.1000	3.24822	342.337	1.68114	0.383448
35.0000	2.69546	342.344	1.6812	0.382067
34.9000	3.10219	342.337	1.68114	0.381747
34.8000	3.34783	342.36	1.68136	0.384755
34.7000	3.30141	342.401	1.68175	0.380548
34.6000	3.06536	342.275	1.68054	0.3847
34.5000	3.42385	342.152	1.67935	0.386663
34.4000	3.6034	342.241	1.68021	0.386037
34.3000	3.09619	342.208	1.6799	0.387374
34.2000	3.68494	342.22	1.68001	0.389385
34.1000	3.446	342.14	1.67923	0.386882
34.0000	3.57683	342.122	1.67907	0.387723
33.9000	3.4774	342.12	1.67904	0.38817
33.8000	3.36333	342.074	1.6786	0.38938
33.7000	3.51982	342.027	1.67815	0.385982
33.6000	3.71788	341.93	1.67721	0.392739
33.5000	3.6799	341.833	1.67627	0.394102
33.4000	3.75389	341.915	1.67706	0.392881
33.3000	3.77995	341.854	1.67647	0.395149
33.2000	3.8345	341.782	1.67578	0.395556
33.1000	3.82691	341.92	1.67712	0.395668
33.0000	4.00758	341.797	1.67593	0.394348
32.9000	3.9357	341.857	1.6765	0.401142
32.8000	3.87046	341.828	1.67622	0.400978
32.7000	3.81646	341.775	1.67571	0.402998
32.6000	4.1299	341.767	1.67563	0.395933
32.5000	4.34724	341.717	1.67515	0.39947
32.4000	4.2419	341.627	1.67428	0.401735
32.3000	4.19496	341.709	1.67508	0.40263
32.2000	4.24497	341.686	1.67486	0.402796
32.1000	4.36534	341.624	1.67426	0.404447
32.0000	4.24667	341.546	1.6735	0.402954
31.9000	4.53373	341.737	1.67535	0.405963
31.8000	4.42429	341.59	1.67393	0.406104
31.7000	4.56966	341.517	1.67322	0.407389
31.6000	4.75626	341.567	1.6737	0.4084
31.5000	4.63266	341.485	1.67291	0.409477
31.4000	5.03281	341.557	1.67361	0.408742
31.3000	5.24179	341.543	1.67347	0.411635
31.2000	5.1254	341.454	1.67261	0.409034
31.1000	5.52754	341.522	1.67327	0.409556
31.0000	4.79624	341.464	1.67271	0.411876
30.9000	5.67198	341.493	1.67299	0.41524
30.8000	5.43636	341.482	1.67288	0.415371
30.7000	5.94781	341.51	1.67316	0.414236
30.6000	5.41869	341.476	1.67282	0.415027
30.5000	5.76813	341.449	1.67257	0.414494
30.4000	6.1235	341.513	1.67318	0.416732
30.3000	6.4365	341.51	1.67315	0.420104
30.2000	6.53851	341.446	1.67253	0.41835
30.1000	6.54949	341.573	1.67376	0.420903
30.0000	6.92762	341.533	1.67337	0.421025
29.9000	7.22962	341.74	1.67538	0.422792
29.8000	7.07981	341.69	1.67489	0.425712
29.7000	7.44072	341.668	1.67468	0.420415
29.6000	7.50092	341.761	1.67558	0.420903
29.5000	7.5965	341.767	1.67564	0.425279
29.4000	7.74378	341.753	1.6755	0.427498
29.3000	8.43789	341.876	1.67668	0.424833
29.2000	8.90903	341.858	1.67652	0.424423
29.1000	9.55374	341.976	1.67765	0.429375
29.0000	9.30905	342.049	1.67836	0.425187
28.9000	9.33607	342.063	1.67849	0.430331
28.8000	10.1043	342.121	1.67906	0.427521
28.7000	10.2835	342.145	1.67928	0.429956
28.6000	10.8425	342.193	1.67975	0.433043
28.5000	11.3633	342.39	1.68165	0.429555
28.4000	12.1637	342.625	1.68391	0.430664
28.3000	12.4232	342.716	1.68479	0.431072
28.2000	13.1184	342.863	1.68621	0.437433
28.1000	13.7757	343.01	1.68762	0.433741
28.0000	13.6945	343.008	1.6876	0.430667
27.9000	15.0656	343.098	1.68847	0.437317
27.8000	15.2629	343.338	1.69078	0.436858
27.7000	15.335	343.441	1.69177	0.435726
27.6000	16.2116	343.605	1.69335	0.439051
27.5000	17.2913	343.791	1.69513	0.441324
27.4000	18.1223	343.975	1.6969	0.437972
27.3000	19.0694	344.149	1.69857	0.439533
27.2000	19.9162	344.482	1.70177	0.438861
27.1000	21.1005	344.649	1.70337	0.43875
27.0000	22.1474	345.011	1.70684	0.440491
26.9000	22.9223	344.976	1.7065	0.443666
26.8000	23.8554	345.246	1.7091	0.441943
26.7000	24.809	345.648	1.71294	0.440078
26.6000	25.9331	345.827	1.71466	0.444323
26.5000	27.2253	346.262	1.71881	0.444354
26.4000	28.8086	346.543	1.72149	0.443939
26.3000	29.1989	346.702	1.72301	0.446374
26.2000	30.5136	346.949	1.72536	0.449301
26.1000	31.9493	347.297	1.72869	0.445996
26.0000	33.6127	347.749	1.73299	0.451196
25.9000	35.054	348.027	1.73563	0.451918
25.8000	35.6932	348.317	1.73838	0.452745
25.7000	37.3058	348.576	1.74085	0.453313
25.6000	38.3555	348.939	1.7443	0.4498
25.5000	39.2441	349.101	1.74583	0.451513
25.4000	40.2282	349.31	1.74782	0.455016
25.3000	41.8419	349.72	1.7517	0.454424
25.2000	42.9915	350.062	1.75494	0.454523
25.1000	44.1375	350.365	1.7578	0.454033
25.0000	45.8579	350.685	1.76082	0.458357
24.9000	47.0546	351.03	1.76408	0.457051
24.8000	48.1841	351.477	1.7683	0.455061
24.7000	50.4501	351.772	1.77108	0.459052
24.6000	52.2508	352.235	1.77544	0.457695
24.5000	52.5558	352.322	1.77625	0.460025
24.4000	53.4401	352.79	1.78066	0.459384
24.3000	55.2125	353.068	1.78327	0.457914
24.2000	56.2259	353.196	1.78447	0.4624
24.1000	56.8265	353.31	1.78554	0.461237
24.0000	58.1927	353.709	1.78928	0.463212
23.9000	58.9262	353.939	1.79144	0.458088
23.8000	60.4163	354.277	1.79461	0.462412
23.7000	61.5509	354.533	1.797	0.467746
23.6000	63.3105	354.941	1.80082	0.462922
23.5000	63.8104	355.078	1.8021	0.463981
23.4000	64.7045	355.275	1.80394	0.466222
23.3000	66.0969	355.71	1.808	0.464271
23.2000	66.9088	355.819	1.80901	0.46471
23.1000	67.332	355.979	1.81051	0.464794
23.0000	67.8112	355.997	1.81067	0.465976
22.9000	69.0023	356.273	1.81325	0.465291
22.8000	69.7109	356.411	1.81453	0.46987
22.7000	70.8014	356.636	1.81663	0.468482
22.6000	71.5169	356.936	1.81941	0.467597
22.5000	72.6454	357.054	1.82052	0.467462
22.4000	73.2081	357.287	1.82268	0.470398
22.3000	73.9731	357.293	1.82273	0.473207
22.2000	73.9533	357.436	1.82407	0.468067
22.1000	75.0713	357.684	1.82636	0.469195
22.0000	76.0101	357.944	1.82878	0.472906
21.9000	76.5952	358.053	1.82979	0.471589
21.8000	77.2316	358.054	1.8298	0.469073
21.7000	78.07	358.215	1.8313	0.465695
21.6000	77.7956	358.265	1.83175	0.472047
21.5000	78.8619	358.401	1.83301	0.471486
21.4000	79.4485	358.437	1.83335	0.476062
21.3000	80.1711	358.579	1.83466	0.471909
21.2000	80.0844	358.709	1.83587	0.475654
21.1000	80.8091	358.791	1.83663	0.475262
21.0000	81.466	358.925	1.83787	0.476679
20.9000	81.741	358.883	1.83748	0.474218
20.8000	82.1437	359.13	1.83976	0.471241
20.7000	83.1074	359.13	1.83976	0.47433
20.6000	82.7623	359.118	1.83966	0.473917
20.5000	83.5125	359.224	1.84063	0.473183
20.4000	83.4286	359.286	1.84121	0.477106
20.3000	84.0418	359.371	1.84199	0.477493
20.2000	84.4146	359.472	1.84292	0.481835
20.1000	85.1966	359.508	1.84326	0.481571
20.0000	85.3835	359.518	1.84335	0.476397
19.9000	85.7123	359.589	1.84401	0.479453
19.8000	86.2083	359.73	1.84531	0.474306
19.7000	86.149	359.841	1.84634	0.477909
19.6000	86.615	359.816	1.84611	0.478762
19.5000	86.4934	359.795	1.84591	0.480932
19.4000	87.3307	359.875	1.84664	0.481295
19.3000	86.5789	359.862	1.84653	0.480743
19.2000	87.4354	359.864	1.84655	0.483207
19.1000	87.8168	359.867	1.84657	0.480938
19.0000	88.1481	360.019	1.84798	0.481551
18.9000	88.0071	359.991	1.84772	0.48334
18.8000	88.3729	360.037	1.84814	0.479859
18.7000	88.6765	360.112	1.84883	0.481997
18.6000	88.6638	360.176	1.84942	0.48145
18.5000	88.8423	360.201	1.84965	0.480937
18.4000	89.4635	360.226	1.84988	0.486283
18.3000	89.4984	360.131	1.84901	0.482835
18.2000	89.5501	360.112	1.84883	0.484265
18.1000	89.6626	360.265	1.85025	0.481891
18.0000	89.5145	360.251	1.85011	0.484458
17.9000	90.3659	360.134	1.84904	0.484057
17.8000	89.9442	360.333	1.85087	0.483036
17.7000	90.1985	360.278	1.85036	0.485162
17.6000	90.5324	360.42	1.85167	0.483318
17.5000	90.3973	360.296	1.85053	0.486781
17.4000	90.7776	360.474	1.85217	0.486336
17.3000	90.5706	360.355	1.85107	0.48823
17.2000	91.0292	360.313	1.85069	0.487918
17.1000	90.9647	360.423	1.8517	0.490889
17.0000	91.6425	360.487	1.85229	0.492427
16.9000	91.5695	360.495	1.85236	0.487073
16.8000	91.6548	360.548	1.85285	0.490468
16.7000	91.5683	360.491	1.85232	0.49368
16.6000	91.7512	360.494	1.85235	0.490728
16.5000	91.6252	360.549	1.85286	0.490702
16.4000	91.8236	360.467	1.85211	0.49167
16.3000	92.1294	360.561	1.85297	0.492878
16.2000	91.9932	360.5	1.85241	0.492628
16.1000	92.1958	360.548	1.85285	0.48896
16.0000	92.1002	360.542	1.8528	0.493732
15.9000	92.2256	360.552	1.85289	0.495016
15.8000	92.585	360.695	1.8542	0.49335
15.7000	92.7622	360.547	1.85285	0.492711
15.6000	92.4346	360.6	1.85333	0.492786
15.5000	92.5386	360.536	1.85274	0.49376
15.4000	92.4104	360.509	1.8525	0.495779
15.3000	93.0157	360.556	1.85292	0.492394
15.2000	93.0702	360.561	1.85297	0.495544
15.1000	92.8872	360.599	1.85332	0.493872
15.0000	92.8758	360.665	1.85393	0.495157
14.9000	93.3153	360.519	1.85258	0.493983
14.8000	93.1988	360.679	1.85406	0.495101
14.7000	93.1681	360.643	1.85372	0.496933
14.6000	92.9746	360.584	1.85318	0.497586
14.5000	93.6183	360.752	1.85473	0.495444
14.4000	93.4723	360.594	1.85328	0.500219
14.3000	93.8671	360.662	1.8539	0.496153
14.2000	93.3988	360.632	1.85362	0.501468
14.1000	93.5226	360.668	1.85396	0.496648
14.0000	93.4687	360.628	1.85359	0.498999
13.9000	93.8269	360.779	1.85498	0.49884
13.8000	93.2965	360.619	1.8535	0.499741
13.7000	93.1223	360.626	1.85358	0.498741
13.6000	93.5478	360.638	1.85368	0.498481
13.5000	93.2047	360.586	1.8532	0.503191
13.4000	94.0988	360.652	1.85381	0.501367
13.3000	94.0847	360.601	1.85334	0.499384
13.2000	93.7514	360.626	1.85358	0.503537
13.1000	94.0832	360.603	1.85336	0.50411
13.0000	94.0323	360.656	1.85384	0.503755
12.9000	94.3548	360.691	1.85417	0.503941
12.8000	94.1486	360.576	1.85311	0.504997
12.7000	93.9799	360.583	1.85318	0.505236
12.6000	94.2727	360.709	1.85433	0.500691
12.5000	94.2611	360.611	1.85343	0.506293
12.4000	94.3817	360.644	1.85374	0.505721
12.3000	94.1895	360.617	1.85349	0.505723
12.2000	94.5706	360.682	1.85409	0.505569
12.1000	94.0219	360.669	1.85397	0.507296
12.0000	94.1297	360.698	1.85423	0.506785
11.9000	94.0165	360.709	1.85434	0.505683
11.8000	94.1901	360.746	1.85468	0.505765
11.7000	94.5274	360.72	1.85444	0.506627
11.6000	94.5111	360.637	1.85367	0.509492
11.5000	94.9905	360.789	1.85507	0.50442
11.4000	94.6353	360.683	1.8541	0.503535
11.3000	94.5597	360.707	1.85432	0.508619
11.2000	94.5849	360.629	1.8536	0.507696
11.1000	94.4985	360.795	1.85513	0.507071
11.0000	94.3173	360.775	1.85494	0.50886
10.9000	94.6487	360.668	1.85396	0.510792
10.8000	94.8948	360.779	1.85498	0.507491
10.7000	94.9368	360.808	1.85525	0.507198
10.6000	94.6924	360.672	1.854	0.511548
10.5000	95.19	360.631	1.85362	0.507746
10.4000	94.8645	360.744	1.85466	0.509085
10.3000	95.0835	360.792	1.8551	0.513017
10.2000	94.819	360.751	1.85473	0.511087
10.1000	94.7964	360.818	1.85534	0.509526
10.0000	94.8419	360.813	1.85529	0.510191
9.9000	95.0156	360.728	1.85451	0.509216
9.8000	95.036	360.696	1.85421	0.512434
9.7000	94.9714	360.681	1.85407	0.513701
9.6000	95.0232	360.678	1.85405	0.516833
9.5000	95.0885	360.885	1.85596	0.51536
9.4000	95.1248	360.735	1.85457	0.515657
9.3000	94.9012	360.764	1.85484	0.51449
9.2000	94.9735	360.814	1.85531	0.515134
9.1000	95.6914	360.882	1.85593	0.512947
9.0000	95.3877	360.758	1.85478	0.512528
8.9000	95.2291	360.778	1.85497	0.517191
8.8000	95.2634	360.801	1.85518	0.515663
8.7000	95.0649	360.887	1.85597	0.514872
8.6000	95.0653	360.779	1.85498	0.518594
8.5000	95.1953	360.758	1.85478	0.517681
8.4000	95.4062	360.756	1.85477	0.515152
8.3000	95.3437	360.823	1.85538	0.520656
8.2000	95.271	360.796	1.85514	0.51626
8.1000	95.3143	360.771	1.8549	0.519902
8.0000	94.9868	360.889	1.85599	0.520859
7.9000	95.2421	360.833	1.85548	0.51805
7.8000	95.3389	360.857	1.8557	0.520211
7.7000	95.4296	360.869	1.85581	0.518327
7.6000	95.4441	360.83	1.85545	0.517788
7.5000	95.3191	360.856	1.85569	0.522475
7.4000	95.473	360.841	1.85555	0.519355
7.3000	95.6589	360.855	1.85568	0.522998
7.2000	95.7796	360.886	1.85597	0.520744
7.1000	95.6243	360.854	1.85567	0.521915
7.0000	95.6344	360.882	1.85593	0.523657
6.9000	95.3433	360.838	1.85553	0.524164
6.8000	95.9019	360.821	1.85536	0.523435
6.7000	95.8378	360.847	1.85561	0.524459
6.6000	95.3553	360.766	1.85486	0.524589
6.5000	96.0582	360.917	1.85625	0.523798
6.4000	95.9421	360.65	1.85379	0.528049
6.3000	95.9039	360.87	1.85582	0.524009
6.2000	95.5699	360.801	1.85519	0.528361
6.1000	95.9856	360.854	1.85567	0.527164
6.0000	95.8348	360.896	1.85606	0.52705
5.9000	95.736	360.744	1.85466	0.53088
5.8000	95.6723	360.898	1.85608	0.529014
5.7000	95.3994	360.925	1.85632	0.525934
5.6000	96.0271	360.943	1.85649	0.528345
5.5000	95.9071	360.852	1.85565	0.529047
5.4000	95.8008	360.894	1.85604	0.528365
5.3000	95.7351	360.974	1.85677	0.525446
5.2000	96.1119	360.98	1.85683	0.530141
5.1000	95.8981	360.906	1.85615	0.526574
5.0000	95.9804	360.864	1.85576	0.528076
4.9000	95.9414	361.004	1.85705	0.530617
4.8000	96.1443	360.929	1.85636	0.531213
4.7000	95.9023	361.042	1.8574	0.528704
4.6000	95.5575	361.04	1.85738	0.526404
4.5000	96.2636	360.916	1.85624	0.532611
4.4000	96.4533	361.001	1.85702	0.529384
4.3000	95.9915	360.987	1.8569	0.529427
4.2000	96.3145	360.911	1.8562	0.536344
4.1000	96.6989	361.037	1.85736	0.531448
4.0000	96.0189	360.981	1.85684	0.530066
3.9000	96.5086	360.878	1.85589	0.534116
3.8000	96.2752	360.901	1.8561	0.535682
3.7000	96.1722	361.062	1.85759	0.532926
3.6000	96.4127	360.952	1.85657	0.532597
3.5000	96.1364	361.045	1.85743	0.535981
3.4000	96.0315	361.004	1.85705	0.53323
3.3000	96.6722	361.045	1.85743	0.531955
3.2000	96.2468	361.001	1.85703	0.534866
3.1000	96.4229	361.102	1.85796	0.532948
3.0000	96.4931	361.022	1.85721	0.534426
2.9000	96.3142	360.984	1.85687	0.537814
2.8000	96.3224	361.002	1.85703	0.533051
2.7000	96.5793	361.086	1.8578	0.532769
2.6000	96.814	361.087	1.85782	0.534511
2.5000	96.9906	361.104	1.85797	0.532136
2.4000	96.4782	361.07	1.85766	0.535728
2.3000	96.9113	361.066	1.85762	0.53777
2.2000	96.1764	361.105	1.85798	0.540733
2.1000	96.6643	361.116	1.85808	0.538888
2.0000	96.9492	361.137	1.85827	0.53576
1.9000	96.659	361.164	1.85852	0.541451
1.8000	96.839	361.075	1.8577	0.540267
1.7000	96.3609	361.147	1.85836	0.541302
1.6000	96.8942	361.089	1.85784	0.541215
1.5000	96.8029	361.12	1.85812	0.537819
1.4000	96.7508	361.13	1.85821	0.541338
1.3000	96.9902	361.22	1.85904	0.5381
1.2000	97.195	361.133	1.85824	0.5401
1.1000	96.8927	361.116	1.85808	0.544467
1.0000	97.1511	361.177	1.85865	0.540073
0.9000	97.1317	361.127	1.85818	0.541512
0.8000	96.9375	361.162	1.85851	0.542109
0.7000	96.9134	361.166	1.85854	0.539805
0.6000	96.8684	361.268	1.85948	0.543618
0.5000	96.947	361.126	1.85818	0.541013
0.4000	97.3742	361.222	1.85906	0.540469
0.3000	97.4691	361.246	1.85928	0.543093
0.2000	97.4191	361.24	1.85923	0.546795
0.1000	96.819	361.142	1.85832	0.546291
0.0000	97.0906	361.221	1.85905	0.542464
-0.1000	96.9381	361.236	1.85919	0.545718
-0.2000	97.1876	361.255	1.85936	0.549808
-0.3000	96.9795	361.285	1.85964	0.551634
-0.4000	96.844	361.346	1.8602	0.548108
-0.5000	96.8408	361.222	1.85906	0.545819
-0.6000	97.0729	361.313	1.8599	0.545185
-0.7000	97.4597	361.23	1.85913	0.550053
-0.8000	97.4613	361.183	1.8587	0.549017
-0.9000	97.0622	361.242	1.85924	0.551266
-1.0000	97.0222	361.351	1.86024	0.545379
-1.1000	96.8172	361.319	1.85995	0.550484
-1.2000	97.43	361.314	1.8599	0.547482
-1.3000	97.3185	361.405	1.86074	0.549525
-1.4000	97.4736	361.306	1.85983	0.548528
-1.5000	97.0857	361.33	1.86005	0.549761
-1.6000	97.4214	361.324	1.86	0.550737
-1.7000	97.4992	361.356	1.86029	0.54955
-1.8000	97.0704	361.36	1.86033	0.552028
-1.9000	96.9988	361.324	1.86	0.55119
-2.0000	97.5426	361.372	1.86044	0.552855
-2.1000	97.2877	361.269	1.85949	0.550343
-2.2000	97.6997	361.44	1.86106	0.548524
-2.3000	97.5478	361.385	1.86056	0.552622
-2.4000	97.7539	361.303	1.85981	0.550749
-2.5000	97.194	361.387	1.86057	0.55023
-2.6000	97.7841	361.359	1.86031	0.552316
-2.7000	97.4184	361.422	1.8609	0.553201
-2.8000	97.4057	361.361	1.86034	0.554958
-2.9000	97.7479	361.407	1.86076	0.552013
-3.0000	97.799	361.435	1.86102	0.555636
-3.1000	97.7699	361.387	1.86058	0.557551
-3.2000	97.4735	361.459	1.86124	0.555152
-3.3000	97.619	361.534	1.86193	0.557934
-3.4000	98.5224	361.587	1.86242	0.559694
-3.5000	98.2132	361.445	1.86111	0.562089
-3.6000	98.1842	361.53	1.86189	0.559672
-3.7000	98.2905	361.584	1.86239	0.559134
-3.8000	97.7541	361.546	1.86204	0.55652
-3.9000	98.1771	361.597	1.8625	0.55942
-4.0000	98.0489	361.629	1.8628	0.557261
-4.1000	98.0038	361.662	1.8631	0.561156
-4.2000	98.2458	361.609	1.86261	0.557985
-4.3000	98.1117	361.672	1.86319	0.560442
-4.4000	97.968	361.678	1.86325	0.558666
-4.5000	98.0537	361.565	1.86221	0.56171
-4.6000	98.2281	361.576	1.86231	0.56015
-4.7000	98.5504	361.563	1.86219	0.55922
-4.8000	98.2178	361.661	1.8631	0.561937
-4.9000	98.2253	361.66	1.86308	0.560631
-5.0000	97.9927	361.658	1.86307	0.561064
