   9.3969409e+00   1.0423390e+01   1.0069351e+01   9.9540312e+00   9.8400317e+00   9.7273378e+00
   8.1838277e+00   9.6159345e+00   9.0777661e+00   8.8710288e+00   8.6689996e+00   8.6689996e+00
   6.8063842e+00   8.6689996e+00   8.1838277e+00   7.9058574e+00   7.6373285e+00   7.5498612e+00
   5.3439690e+00   7.9058574e+00   7.3779204e+00   7.0456970e+00   6.7284334e+00   6.5751998e+00
   3.9155827e+00   7.2098954e+00   6.7284334e+00   6.3518678e+00   5.9963772e+00   5.7263639e+00
   2.7715413e+00   6.4998967e+00   6.2072101e+00   5.7927054e+00   5.4058804e+00   5.1033332e+00
   1.9844896e+00   5.9277031e+00   5.7927054e+00   5.4058804e+00   5.0448868e+00   4.6540808e+00
   1.5226192e+00   5.3439690e+00   5.4058804e+00   5.1624568e+00   4.7625431e+00   4.3432908e+00
   1.2518399e+00   4.7625431e+00   5.1033332e+00   4.9299944e+00   4.5480886e+00   4.1957674e+00
   1.1028622e+00   4.2443766e+00   4.7625431e+00   4.7079996e+00   4.4445102e+00   4.0532548e+00
   1.0292153e+00   3.7392663e+00   4.4960011e+00   4.4960011e+00   4.2935488e+00   3.9609458e+00
   9.9425721e-01   3.2565397e+00   4.1477150e+00   4.2935488e+00   4.1477150e+00   3.8707391e+00
   1.0057760e+00   2.8689889e+00   3.8264091e+00   4.0532548e+00   3.9609458e+00   3.7392663e+00
   1.0174282e+00   2.4986122e+00   3.4895658e+00   3.8264091e+00   3.7392663e+00   3.5708893e+00
   1.0411391e+00   2.2267622e+00   3.1823752e+00   3.5708893e+00   3.5708893e+00   3.4100943e+00
   1.0654026e+00   2.0307377e+00   2.9022269e+00   3.3324326e+00   3.3710398e+00   3.2565397e+00
   1.0777456e+00   1.9170848e+00   2.6467405e+00   3.1098996e+00   3.1823752e+00   3.1098996e+00
   1.0777456e+00   1.8097926e+00   2.3861011e+00   2.9022269e+00   3.0042694e+00   2.9358500e+00
   1.0777456e+00   1.7685763e+00   2.1760498e+00   2.7398000e+00   2.8361315e+00   2.8036504e+00
   1.0777456e+00   1.7282987e+00   2.0074805e+00   2.5568418e+00   2.6774037e+00   2.6774037e+00
