   8.8710288e+00   1.1298649e+01   1.0069351e+01   9.5058070e+00   9.1829346e+00   9.0777661e+00
   7.4633957e+00   1.0789877e+01   9.0777661e+00   8.3745500e+00   7.9974489e+00   7.7258091e+00
   6.0658469e+00   1.0186008e+01   8.2786397e+00   7.2934241e+00   6.7284334e+00   6.4254560e+00
   4.6540808e+00   9.6159345e+00   7.6373285e+00   6.4254560e+00   5.7263639e+00   5.2827667e+00
   3.3710398e+00   9.1829346e+00   7.1273234e+00   5.7927054e+00   4.8735331e+00   4.2935488e+00
   2.4137448e+00   8.7694324e+00   6.8852380e+00   5.4058804e+00   4.2935488e+00   3.5708893e+00
   1.7685763e+00   8.4715715e+00   6.8852380e+00   5.2827667e+00   3.9609458e+00   3.0742832e+00
   1.3885812e+00   8.1838277e+00   6.9650055e+00   5.4685090e+00   3.9609458e+00   2.8036504e+00
   1.1682446e+00   7.9058574e+00   7.1273234e+00   5.8598155e+00   4.2935488e+00   2.8689889e+00
   1.0411391e+00   7.6373285e+00   7.2934241e+00   6.2791224e+00   4.8735331e+00   3.2565397e+00
   1.0057760e+00   7.2934241e+00   7.3779204e+00   6.6513753e+00   5.4685090e+00   4.0068345e+00
   1.0532010e+00   7.0456970e+00   7.3779204e+00   6.9650055e+00   5.9963772e+00   4.7625431e+00
   1.2375030e+00   6.7284334e+00   7.3779204e+00   7.1273234e+00   6.3518678e+00   5.4058804e+00
   1.6504744e+00   6.4998967e+00   7.2098954e+00   7.2098954e+00   6.6513753e+00   5.8598155e+00
   2.1021385e+00   6.2791224e+00   7.1273234e+00   7.2098954e+00   6.8063842e+00   6.1361215e+00
   2.4699966e+00   6.2072101e+00   6.9650055e+00   7.1273234e+00   6.8852380e+00   6.3518678e+00
   2.7715413e+00   6.1361215e+00   6.8063842e+00   7.1273234e+00   6.8852380e+00   6.4998967e+00
   3.0042694e+00   6.0658469e+00   6.6513753e+00   7.0456970e+00   6.8852380e+00   6.5751998e+00
   3.2192439e+00   6.0658469e+00   6.4998967e+00   6.9650055e+00   6.8852380e+00   6.6513753e+00
   3.3710398e+00   6.0658469e+00   6.4254560e+00   6.8852380e+00   6.8852380e+00   6.6513753e+00
