   9.6159345e+00   1.0304015e+01   1.0069351e+01   9.9540312e+00   9.9540312e+00   9.9540312e+00
   8.3745500e+00   9.2893215e+00   9.0777661e+00   8.9738021e+00   8.8710288e+00   8.8710288e+00
   7.0456970e+00   8.3745500e+00   8.1838277e+00   7.9974489e+00   7.9058574e+00   7.8153147e+00
   5.5959514e+00   7.4633957e+00   7.2934241e+00   7.1273234e+00   6.9650055e+00   6.8852380e+00
   4.1957674e+00   6.7284334e+00   6.5751998e+00   6.4254560e+00   6.2072101e+00   6.1361215e+00
   3.0042694e+00   5.9963772e+00   5.9963772e+00   5.7927054e+00   5.5959514e+00   5.4685090e+00
   2.1511284e+00   5.3439690e+00   5.4685090e+00   5.3439690e+00   5.1624568e+00   4.9871097e+00
   1.6315722e+00   4.7625431e+00   5.0448868e+00   4.9871097e+00   4.8177185e+00   4.6007795e+00
   1.3260542e+00   4.1477150e+00   4.6540808e+00   4.6540808e+00   4.4960011e+00   4.2935488e+00
   1.1416389e+00   3.6122591e+00   4.2935488e+00   4.3432908e+00   4.2443766e+00   4.0532548e+00
   1.0292153e+00   3.0742832e+00   3.9155827e+00   4.1002129e+00   4.0068345e+00   3.8264091e+00
   9.6048646e-01   2.5864635e+00   3.5708893e+00   3.7825867e+00   3.7392663e+00   3.6122591e+00
   9.1723631e-01   2.1760498e+00   3.2192439e+00   3.4895658e+00   3.4895658e+00   3.4100943e+00
   8.7593370e-01   1.8097926e+00   2.8689889e+00   3.2192439e+00   3.2565397e+00   3.1823752e+00
   8.4618190e-01   1.5402591e+00   2.5275593e+00   2.9698627e+00   3.0042694e+00   2.9358500e+00
   8.0807883e-01   1.3260542e+00   2.2267622e+00   2.7084222e+00   2.7715413e+00   2.7398000e+00
   7.7169151e-01   1.1817790e+00   1.9392948e+00   2.4417087e+00   2.5568418e+00   2.5275593e+00
   7.3694269e-01   1.0777456e+00   1.6889384e+00   2.2267622e+00   2.3317600e+00   2.3317600e+00
   7.0375859e-01   1.0057760e+00   1.4709022e+00   2.0307377e+00   2.1511284e+00   2.1511284e+00
   6.7985486e-01   9.6048646e-01   1.2663428e+00   1.8734250e+00   2.0074805e+00   2.0074805e+00
