   3.3749250e+01   3.3749250e+01   3.3749250e+01   3.3749250e+01   3.3749250e+01   3.3749250e+01
   3.0077319e+01   3.0425773e+01   3.0425773e+01   3.0425773e+01   3.0425773e+01   3.0425773e+01
   2.6804895e+01   2.7429577e+01   2.7429577e+01   2.7115437e+01   2.7115437e+01   2.7115437e+01
   2.3614926e+01   2.4445228e+01   2.4445228e+01   2.4445228e+01   2.4445228e+01   2.4445228e+01
   2.0097941e+01   2.2037970e+01   2.2037970e+01   2.1785578e+01   2.1785578e+01   2.1785578e+01
   1.6715199e+01   1.9867768e+01   1.9867768e+01   1.9640230e+01   1.9640230e+01   1.9640230e+01
   1.2389293e+01   1.7911278e+01   1.7911278e+01   1.7911278e+01   1.7911278e+01   1.7911278e+01
   7.6373285e+00   1.6147454e+01   1.6334527e+01   1.6334527e+01   1.6147454e+01   1.6147454e+01
   4.7625431e+00   1.4225795e+01   1.4725974e+01   1.4725974e+01   1.4725974e+01   1.4725974e+01
   3.5299933e+00   1.2247403e+01   1.2973481e+01   1.3123783e+01   1.3123783e+01   1.3123783e+01
   1.1169250e+01   1.0186008e+01   1.1298649e+01   1.1429547e+01   1.1429547e+01   1.1429547e+01
   1.4896579e+01   7.9058574e+00   9.5058070e+00   9.8400317e+00   9.8400317e+00   9.8400317e+00
   1.5779711e+01   5.9277031e+00   7.8153147e+00   8.2786397e+00   8.3745500e+00   8.3745500e+00
   1.4557324e+01   4.3936091e+00   6.4254560e+00   6.9650055e+00   7.0456970e+00   7.0456970e+00
   1.1298649e+01   3.2942676e+00   5.3439690e+00   5.9277031e+00   6.0658469e+00   6.0658469e+00
   1.7085052e+00   2.5275593e+00   4.3936091e+00   5.1033332e+00   5.2222653e+00   5.2222653e+00
   1.5581035e+00   1.9844896e+00   3.6541081e+00   4.3936091e+00   4.4960011e+00   4.5480886e+00
   1.4374038e+00   1.6128865e+00   3.0042694e+00   3.7825867e+00   3.9609458e+00   3.9609458e+00
   1.3108674e+00   1.3726784e+00   2.4417087e+00   3.3324326e+00   3.4895658e+00   3.5299933e+00
   1.2093201e+00   1.2093201e+00   1.9844896e+00   2.9022269e+00   3.0742832e+00   3.1098996e+00
