   3.3749250e+01   3.3749250e+01   3.3749250e+01   3.3749250e+01   3.3749250e+01   3.3749250e+01
   3.0077319e+01   3.0425773e+01   3.0425773e+01   3.0425773e+01   3.0425773e+01   3.0425773e+01
   2.6804895e+01   2.7429577e+01   2.7115437e+01   2.7115437e+01   2.7115437e+01   2.7115437e+01
   2.3344474e+01   2.4445228e+01   2.4445228e+01   2.4445228e+01   2.4445228e+01   2.4445228e+01
   2.0097941e+01   2.1785578e+01   2.1785578e+01   2.1785578e+01   2.1785578e+01   2.1785578e+01
   1.6523767e+01   1.9640230e+01   1.9640230e+01   1.9640230e+01   1.9640230e+01   1.9640230e+01
   1.2389293e+01   1.7706147e+01   1.7706147e+01   1.7706147e+01   1.7706147e+01   1.7706147e+01
   7.5498612e+00   1.5779711e+01   1.6147454e+01   1.6147454e+01   1.6147454e+01   1.6147454e+01
   4.7079996e+00   1.4062872e+01   1.4390605e+01   1.4557324e+01   1.4557324e+01   1.4557324e+01
   3.4100943e+00   1.2107139e+01   1.2678023e+01   1.2824901e+01   1.2824901e+01   1.2824901e+01
   1.1561961e+01   9.8400317e+00   1.0914881e+01   1.1169250e+01   1.1169250e+01   1.1169250e+01
   1.4896579e+01   7.5498612e+00   9.1829346e+00   9.5058070e+00   9.5058070e+00   9.5058070e+00
   1.5779711e+01   5.5959514e+00   7.5498612e+00   7.9974489e+00   7.9974489e+00   7.9974489e+00
   1.4557324e+01   4.1002129e+00   6.1361215e+00   6.6513753e+00   6.8063842e+00   6.8063842e+00
   1.1169250e+01   2.9698627e+00   4.9871097e+00   5.5959514e+00   5.7263639e+00   1.5296508e+04
   9.7273378e+00   2.2012600e+00   4.0532548e+00   4.7625431e+00   4.8735331e+00   4.9299944e+00
   1.3569576e+00   1.6695957e+00   3.3324326e+00   4.0532548e+00   4.1957674e+00   4.2443766e+00
   1.2093201e+00   1.2958546e+00   2.6774037e+00   3.4895658e+00   3.6541081e+00   3.6541081e+00
   1.0654026e+00   1.0411391e+00   2.1511284e+00   3.0042694e+00   3.1823752e+00   3.2192439e+00
   9.4948639e-01   8.7593370e-01   1.6889384e+00   2.6164284e+00   2.8036504e+00   2.8361315e+00
