   3.2229541e+01   3.7007022e+01   3.4535769e+01   3.3362734e+01   3.2602930e+01   3.2229541e+01
   2.8722955e+01   3.4935876e+01   3.2229541e+01   3.0425773e+01   2.9732855e+01   2.9055718e+01
   2.5304724e+01   3.2980644e+01   3.0077319e+01   2.8068817e+01   2.6804895e+01   2.5894445e+01
   2.2293286e+01   3.1860429e+01   2.8722955e+01   2.6497909e+01   2.4728433e+01   2.3614926e+01
   1.9415299e+01   3.0778264e+01   2.8068817e+01   2.5597886e+01   2.3614926e+01   2.2037970e+01
   1.7104743e+01   3.0077319e+01   2.7747356e+01   2.5597886e+01   2.3344474e+01   2.1289432e+01
   1.4725974e+01   2.9732855e+01   2.7747356e+01   2.5894445e+01   2.3614926e+01   2.1289432e+01
   1.2247403e+01   2.9055718e+01   2.7747356e+01   2.6194439e+01   2.4165267e+01   2.2037970e+01
   9.9540312e+00   2.8722955e+01   2.7747356e+01   2.6497909e+01   2.4728433e+01   2.2812826e+01
   9.0777661e+00   2.8068817e+01   2.7747356e+01   2.6804895e+01   2.5304724e+01   2.3344474e+01
   9.0777661e+00   2.7429577e+01   2.7429577e+01   2.6804895e+01   2.5597886e+01   2.3888512e+01
   9.6159345e+00   2.6194439e+01   2.6804895e+01   2.6497909e+01   2.5597886e+01   2.4165267e+01
   1.0423390e+01   2.5014919e+01   2.6194439e+01   2.5894445e+01   2.5304724e+01   2.4165267e+01
   1.1429547e+01   2.3888512e+01   2.5304724e+01   2.5304724e+01   2.4728433e+01   2.4165267e+01
   1.2532826e+01   2.2812826e+01   2.4728433e+01   2.4728433e+01   2.4445228e+01   2.3888512e+01
   1.3585216e+01   2.2037970e+01   2.3888512e+01   2.4165267e+01   2.3888512e+01   2.3344474e+01
   1.4557324e+01   2.1536076e+01   2.3344474e+01   2.3888512e+01   2.3614926e+01   2.3077119e+01
   1.5420343e+01   2.1289432e+01   2.2812826e+01   2.3344474e+01   2.3344474e+01   2.2812826e+01
   1.6147454e+01   2.1289432e+01   2.2293286e+01   2.3077119e+01   2.3077119e+01   2.2812826e+01
   1.6715199e+01   2.1045613e+01   2.2037970e+01   2.2812826e+01   2.2812826e+01   2.2551560e+01
