   3.3362734e+01   3.4140245e+01   3.3749250e+01   3.3749250e+01   3.3749250e+01   3.3362734e+01
   3.0077319e+01   3.1495545e+01   3.0778264e+01   3.0425773e+01   3.0425773e+01   3.0425773e+01
   2.6804895e+01   2.8394002e+01   2.8068817e+01   2.7747356e+01   2.7429577e+01   2.7115437e+01
   2.3614926e+01   2.5894445e+01   2.5304724e+01   2.5014919e+01   2.4728433e+01   2.4445228e+01
   2.0566319e+01   2.3888512e+01   2.3344474e+01   2.2812826e+01   2.2551560e+01   2.2293286e+01
   1.7104743e+01   2.2037970e+01   2.1536076e+01   2.1045613e+01   2.0804586e+01   2.0330782e+01
   1.3275825e+01   2.0330782e+01   2.0097941e+01   1.9640230e+01   1.9415299e+01   1.8973134e+01
   8.8710288e+00   1.8973134e+01   1.8973134e+01   1.8541039e+01   1.8118785e+01   1.7706147e+01
   5.9277031e+00   1.7503365e+01   1.7706147e+01   1.7503365e+01   1.7104743e+01   1.6715199e+01
   4.6540808e+00   1.5962524e+01   1.6523767e+01   1.6334527e+01   1.5962524e+01   1.5598992e+01
   4.1477150e+00   1.4225795e+01   1.5069160e+01   1.5069160e+01   1.4896579e+01   1.4557324e+01
   3.9609458e+00   1.2247403e+01   1.3585216e+01   1.3742604e+01   1.3585216e+01   1.3275825e+01
   3.9609458e+00   1.0423390e+01   1.2247403e+01   1.2532826e+01   1.2389293e+01   1.2107139e+01
   4.0068345e+00   8.9738021e+00   1.0914881e+01   1.1298649e+01   1.1298649e+01   1.1041333e+01
   4.1477150e+00   7.8153147e+00   9.8400317e+00   1.0304015e+01   1.0304015e+01   1.0186008e+01
   4.2443766e+00   7.0456970e+00   8.8710288e+00   9.5058070e+00   9.5058070e+00   9.3969409e+00
   4.3936091e+00   6.5751998e+00   8.0901016e+00   8.7694324e+00   8.8710288e+00   8.7694324e+00
   4.4960011e+00   6.2072101e+00   7.4633957e+00   8.2786397e+00   8.3745500e+00   8.2786397e+00
   4.6007795e+00   6.0658469e+00   6.9650055e+00   7.8153147e+00   7.9058574e+00   7.9058574e+00
   4.7079996e+00   5.9277031e+00   6.5751998e+00   7.3779204e+00   7.5498612e+00   7.5498612e+00
