   3.3362734e+01   3.4140245e+01   3.3749250e+01   3.3749250e+01   3.3749250e+01   3.3749250e+01
   3.0077319e+01   3.0778264e+01   3.0778264e+01   3.0425773e+01   3.0425773e+01   3.0425773e+01
   2.6804895e+01   2.7747356e+01   2.7429577e+01   2.7429577e+01   2.7429577e+01   2.7115437e+01
   2.3614926e+01   2.5304724e+01   2.4728433e+01   2.4728433e+01   2.4445228e+01   2.4445228e+01
   2.0330782e+01   2.2812826e+01   2.2551560e+01   2.2293286e+01   2.2037970e+01   2.2037970e+01
   1.6908849e+01   2.0804586e+01   2.0566319e+01   2.0330782e+01   2.0097941e+01   2.0097941e+01
   1.2824901e+01   1.8973134e+01   1.8973134e+01   1.8755842e+01   1.8541039e+01   1.8328696e+01
   8.1838277e+00   1.7302906e+01   1.7302906e+01   1.7302906e+01   1.7104743e+01   1.6908849e+01
   5.2827667e+00   1.5598992e+01   1.5962524e+01   1.5962524e+01   1.5779711e+01   1.5598992e+01
   4.0068345e+00   1.3901816e+01   1.4557324e+01   1.4557324e+01   1.4390605e+01   1.4225795e+01
   3.4496012e+00   1.1968481e+01   1.2973481e+01   1.2973481e+01   1.2973481e+01   1.2824901e+01
   1.4557324e+01   9.8400317e+00   1.1298649e+01   1.1561961e+01   1.1429547e+01   1.1298649e+01
   1.5962524e+01   7.9058574e+00   9.7273378e+00   1.0069351e+01   1.0069351e+01   9.9540312e+00
   1.4557324e+01   6.3518678e+00   8.3745500e+00   8.8710288e+00   8.8710288e+00   8.8710288e+00
   2.8361315e+00   5.2222653e+00   7.2934241e+00   7.8153147e+00   7.9058574e+00   7.8153147e+00
   2.8036504e+00   4.4445102e+00   6.3518678e+00   6.9650055e+00   7.0456970e+00   7.0456970e+00
   2.7715413e+00   3.9609458e+00   5.5318633e+00   6.2791224e+00   6.3518678e+00   6.3518678e+00
   2.7715413e+00   3.6122591e+00   4.8735331e+00   5.6607821e+00   5.7927054e+00   5.7927054e+00
   2.7398000e+00   3.4100943e+00   4.3432908e+00   5.2222653e+00   5.3439690e+00   5.3439690e+00
   2.7084222e+00   3.2565397e+00   3.9155827e+00   4.8177185e+00   4.9871097e+00   4.9871097e+00
