   3.4855485e-01   1.1954702e+00   5.2766851e-01   1.8307596e+00   1.9844896e+00   2.0307377e+00
   5.6542654e-01   1.4374038e+00   6.2000644e-01   1.8951292e+00   2.0542643e+00   2.1021385e+00
   1.8097926e+00   1.8734250e+00   7.9882422e-01   2.0542643e+00   2.2267622e+00   2.2786564e+00
   1.0666305e+01   2.8689889e+00   1.2375030e+00   2.4417087e+00   2.6467405e+00   2.7084222e+00
   2.2293286e+01   1.1169250e+01   3.1098996e+00   4.2443766e+00   4.4960011e+00   4.5480886e+00
   3.4935876e+01   3.7435759e+01   3.7869463e+01   3.8752002e+01   3.9200955e+01   3.9200955e+01
   2.4445228e+01   1.6715199e+01   1.9192943e+01   2.0330782e+01   2.0566319e+01   2.0804586e+01
   1.7503365e+01   6.8852380e+00   8.7694324e+00   9.6159345e+00   9.9540312e+00   1.0186008e+01
   1.3123783e+01   3.4895658e+00   4.6007795e+00   5.2827667e+00   5.7263639e+00   5.9277031e+00
   1.0069351e+01   2.1264924e+00   2.7398000e+00   3.2565397e+00   3.6541081e+00   3.8707391e+00
   7.8153147e+00   1.5581035e+00   1.8097926e+00   2.1511284e+00   2.4699966e+00   2.7398000e+00
   6.1361215e+00   1.2958546e+00   1.3108674e+00   1.5226192e+00   1.7890658e+00   2.0307377e+00
   4.8177185e+00   1.1817790e+00   1.0411391e+00   1.1682446e+00   1.3569576e+00   1.5581035e+00
   3.7825867e+00   1.1416389e+00   9.0673157e-01   9.4948639e-01   1.0777456e+00   1.2375030e+00
   3.0042694e+00   1.1416389e+00   8.4618190e-01   8.2691092e-01   9.0673157e-01   1.0292153e+00
   2.3861011e+00   1.1682446e+00   8.2691092e-01   7.5411698e-01   7.9882422e-01   8.7593370e-01
   1.8951292e+00   1.1954702e+00   8.4618190e-01   7.2015953e-01   7.2850278e-01   7.8063177e-01
   1.5051812e+00   1.2233304e+00   8.8608164e-01   6.9569873e-01   6.8773117e-01   7.2015953e-01
   1.2093201e+00   1.2518399e+00   9.3861230e-01   6.8773117e-01   6.6437182e-01   6.7985486e-01
   9.7161396e-01   1.2810137e+00   1.0174282e+00   6.9569873e-01   6.4180590e-01   6.4924140e-01
