   1.2233304e+00   2.3317600e+00   2.1760498e+00   3.1098996e+00   3.2192439e+00   3.2942676e+00
   1.9392948e+00   2.7398000e+00   2.3317600e+00   3.3324326e+00   3.4895658e+00   3.5299933e+00
   6.2072101e+00   3.5299933e+00   2.7715413e+00   3.8264091e+00   4.0068345e+00   4.0532548e+00
   3.8308191e+01   5.6607821e+00   4.1957674e+00   5.3439690e+00   5.5318633e+00   5.5959514e+00
   9.9655036e+01   1.7302906e+01   1.2532826e+01   1.3585216e+01   1.3901816e+01   1.3901816e+01
   2.2839119e+02   1.4742947e+02   1.4574102e+02   1.4742947e+02   1.4742947e+02   1.4742947e+02
   1.2121093e+02   5.3501281e+01   5.6024010e+01   5.6673063e+01   5.7329637e+01   5.7329637e+01
   7.6461308e+01   2.1536076e+01   2.4165267e+01   2.5014919e+01   2.5304724e+01   2.5597886e+01
   5.4121109e+01   1.0789877e+01   1.2678023e+01   1.3585216e+01   1.3901816e+01   1.4225795e+01
   4.0579263e+01   6.7284334e+00   7.8153147e+00   8.4715715e+00   8.8710288e+00   9.0777661e+00
   3.1134839e+01   5.1033332e+00   5.4685090e+00   5.9277031e+00   6.2791224e+00   6.5751998e+00
   2.4165267e+01   4.4960011e+00   4.2935488e+00   4.6007795e+00   4.9299944e+00   5.1624568e+00
   1.8973134e+01   4.3936091e+00   3.7392663e+00   3.8707391e+00   4.1002129e+00   4.3432908e+00
   1.5069160e+01   4.6540808e+00   3.4496012e+00   3.4895658e+00   3.6122591e+00   3.7825867e+00
   1.1968481e+01   5.1624568e+00   3.3324326e+00   3.2565397e+00   3.3324326e+00   3.4496012e+00
   9.6159345e+00   5.9277031e+00   3.3324326e+00   3.1823752e+00   3.1823752e+00   3.2565397e+00
   7.7258091e+00   6.8063842e+00   3.4100943e+00   3.1459287e+00   3.1098996e+00   3.1459287e+00
   6.3518678e+00   7.7258091e+00   3.5299933e+00   3.1459287e+00   3.0742832e+00   3.0742832e+00
   5.2222653e+00   8.7694324e+00   3.6964420e+00   3.1459287e+00   3.0742832e+00   3.0390747e+00
   4.3432908e+00   9.8400317e+00   3.9155827e+00   3.1823752e+00   3.0742832e+00   3.0390747e+00
