   2.3833542e-01   4.6487230e-01   2.8656861e-01   6.5676304e-01   7.0375859e-01   7.2015953e-01
   3.9563859e-01   5.4622137e-01   3.2904753e-01   6.9569873e-01   7.4548038e-01   7.6285364e-01
   1.3726784e+00   6.9569873e-01   4.1429401e-01   7.8063177e-01   8.3649092e-01   8.4618190e-01
   8.1838277e+00   1.0057760e+00   6.3445555e-01   9.8287038e-01   1.0532010e+00   1.0654026e+00
   1.7104743e+01   1.5226192e+00   1.7483215e+00   2.0780636e+00   2.1511284e+00   2.1760498e+00
   8.2216215e+04   2.8068817e+01   2.6497909e+01   2.6804895e+01   2.7115437e+01   2.7115437e+01
   1.8755842e+01   1.1968481e+01   1.2678023e+01   1.2973481e+01   1.3123783e+01   1.3123783e+01
   1.3429630e+01   4.8177185e+00   5.3439690e+00   5.6607821e+00   5.7263639e+00   5.7927054e+00
   1.0069351e+01   2.3317600e+00   2.7084222e+00   2.9022269e+00   3.0390747e+00   3.1098996e+00
   7.7258091e+00   1.3414169e+00   1.5402591e+00   1.6889384e+00   1.8097926e+00   1.8951292e+00
   5.9277031e+00   8.9634714e-01   9.7161396e-01   1.0902316e+00   1.1817790e+00   1.2663428e+00
   4.6540808e+00   6.7206876e-01   6.7206876e-01   7.4548038e-01   8.3649092e-01   9.0673157e-01
   3.6122591e+00   5.4622137e-01   5.0974582e-01   5.5254949e-01   6.2000644e-01   6.8773117e-01
   2.8689889e+00   4.7570604e-01   4.1429401e-01   4.3885511e-01   4.8679227e-01   5.3996571e-01
   2.2525598e+00   4.3382908e-01   3.5667785e-01   3.6499015e-01   3.9563859e-01   4.4393937e-01
   1.7685763e+00   4.0954927e-01   3.2904753e-01   3.1787116e-01   3.4061685e-01   3.7782322e-01
   1.4046683e+00   3.9563859e-01   3.1787116e-01   2.8988859e-01   3.0355761e-01   3.2904753e-01
   1.1156392e+00   3.8662831e-01   3.1423071e-01   2.7053042e-01   2.7683507e-01   2.9664438e-01
   8.7593370e-01   3.8220041e-01   3.2155379e-01   2.5834859e-01   2.5834859e-01   2.7053042e-01
   7.0375859e-01   3.7782322e-01   3.3285963e-01   2.5246495e-01   2.4388978e-01   2.5246495e-01
