   1.7085052e+00   3.3324326e+00   2.0780636e+00   4.7079996e+00   5.1033332e+00   5.2222653e+00
   2.8361315e+00   3.9155827e+00   2.3587741e+00   4.9871097e+00   5.4058804e+00   5.4685090e+00
   9.8400317e+00   4.9871097e+00   3.0042694e+00   5.5959514e+00   5.9963772e+00   6.1361215e+00
   5.9345350e+01   7.2098954e+00   4.6007795e+00   7.1273234e+00   7.5498612e+00   7.7258091e+00
   1.2261519e+02   1.0914881e+01   1.2532826e+01   1.4896579e+01   1.5420343e+01   1.5598992e+01
   1.9215063e+02   2.7146688e+02   1.9215063e+02   1.9437675e+02   2.6528449e+02   1.9437675e+02
   1.3600873e+02   8.6789909e+01   9.0882285e+01   9.4077711e+01   9.4077711e+01   9.4077711e+01
   9.7385489e+01   3.4535769e+01   3.8752002e+01   4.0579263e+01   4.1524953e+01   4.1524953e+01
   7.2182050e+01   1.6908849e+01   1.9415299e+01   2.0804586e+01   2.1785578e+01   2.2293286e+01
   5.5382389e+01   9.7273378e+00   1.1041333e+01   1.2247403e+01   1.3123783e+01   1.3585216e+01
   4.2984973e+01   6.4254560e+00   6.9650055e+00   7.8153147e+00   8.5697171e+00   9.0777661e+00
   3.3362734e+01   4.8177185e+00   4.8735331e+00   5.4058804e+00   5.9963772e+00   6.5751998e+00
   2.6194439e+01   3.9609458e+00   3.6541081e+00   4.0068345e+00   4.4445102e+00   4.9299944e+00
   2.0566319e+01   3.4496012e+00   2.9698627e+00   3.1459287e+00   3.4895658e+00   3.9155827e+00
   1.6147454e+01   3.1459287e+00   2.5864635e+00   2.6164284e+00   2.8689889e+00   3.1823752e+00
   1.2678023e+01   2.9698627e+00   2.3587741e+00   2.2786564e+00   2.4417087e+00   2.7084222e+00
   1.0069351e+01   2.8361315e+00   2.2786564e+00   2.0780636e+00   2.1760498e+00   2.3587741e+00
   7.9974489e+00   2.7715413e+00   2.2525598e+00   1.9392948e+00   1.9844896e+00   2.1264924e+00
   6.3518678e+00   2.7398000e+00   2.3050553e+00   1.8519694e+00   1.8519694e+00   1.9617620e+00
   5.0448868e+00   2.7084222e+00   2.3861011e+00   1.8097926e+00   1.7483215e+00   1.8307596e+00
