   4.5954830e-01   8.9634714e-01   5.5895093e-01   1.2663428e+00   1.3569576e+00   1.3885812e+00
   7.6285364e-01   1.0532010e+00   6.3445555e-01   1.3414169e+00   1.4374038e+00   1.4709022e+00
   2.6467405e+00   1.3414169e+00   7.9882422e-01   1.5051812e+00   1.6128865e+00   1.6315722e+00
   1.5779711e+01   1.9392948e+00   1.2375030e+00   1.9170848e+00   2.0307377e+00   2.0542643e+00
   3.2980644e+01   2.9358500e+00   3.3710398e+00   4.0068345e+00   4.1477150e+00   4.1957674e+00
   5.1684067e+01   5.4121109e+01   5.1684067e+01   5.1684067e+01   5.2282841e+01   5.2282841e+01
   3.6583196e+01   2.3344474e+01   2.4445228e+01   2.5014919e+01   2.5304724e+01   2.5304724e+01
   2.6194439e+01   9.2893215e+00   1.0423390e+01   1.0914881e+01   1.1169250e+01   1.1169250e+01
   1.9415299e+01   4.4960011e+00   5.2222653e+00   5.5959514e+00   5.8598155e+00   5.9963772e+00
   1.4896579e+01   2.5864635e+00   2.9698627e+00   3.2565397e+00   3.4895658e+00   3.6541081e+00
   1.1429547e+01   1.7282987e+00   1.8734250e+00   2.1021385e+00   2.3050553e+00   2.4417087e+00
   8.9738021e+00   1.2958546e+00   1.2958546e+00   1.4540565e+00   1.6128865e+00   1.7483215e+00
   7.0456970e+00   1.0532010e+00   9.8287038e-01   1.0654026e+00   1.1954702e+00   1.3260542e+00
   5.5318633e+00   9.1723631e-01   7.9882422e-01   8.4618190e-01   9.3861230e-01   1.0532010e+00
   4.3432908e+00   8.4618190e-01   6.9569873e-01   7.0375859e-01   7.7169151e-01   8.5598516e-01
   3.4100943e+00   7.8967561e-01   6.3445555e-01   6.1290575e-01   6.5676304e-01   7.2850278e-01
   2.7084222e+00   7.6285364e-01   6.1290575e-01   5.5895093e-01   5.8530696e-01   6.3445555e-01
   2.1511284e+00   7.4548038e-01   6.0588639e-01   5.2162534e-01   5.3378170e-01   5.7197716e-01
   1.7085052e+00   7.3694269e-01   6.2000644e-01   4.9813685e-01   4.9813685e-01   5.2162534e-01
   1.3569576e+00   7.2850278e-01   6.4180590e-01   4.8679227e-01   4.7025797e-01   4.9243189e-01
