   1.2247403e+01   2.4165267e+01   1.4896579e+01   3.4140245e+01   3.6583196e+01   3.7435759e+01
   2.0330782e+01   2.8068817e+01   1.7104743e+01   3.6164223e+01   3.8752002e+01   3.9655109e+01
   7.0538174e+01   3.5750049e+01   2.1536076e+01   4.0114525e+01   4.2984973e+01   4.3986728e+01
   4.2054445e+02   5.2282841e+01   3.2980644e+01   5.1092150e+01   5.4121109e+01   5.5382389e+01
   8.8914888e+02   7.9149691e+01   9.0882285e+01   1.0678598e+02   1.1054059e+02   1.1182123e+02
   1.3933879e+03   1.4590899e+03   1.3774300e+03   1.3933879e+03   1.3933879e+03   1.3933879e+03
   9.7497728e+02   6.2215264e+02   6.5903648e+02   6.7439518e+02   6.8220824e+02   6.8220824e+02
   6.9810695e+02   2.5043749e+02   2.7779336e+02   2.9089206e+02   2.9767123e+02   3.0111984e+02
   5.1743634e+02   1.2121093e+02   1.3917838e+02   1.5086528e+02   1.5616971e+02   1.5980921e+02
   3.9700813e+02   6.9730328e+01   7.9149691e+01   8.7795395e+01   9.4077711e+01   9.7385489e+01
   3.0813737e+02   4.6594448e+01   5.0507012e+01   5.6024010e+01   6.1431935e+01   6.5827779e+01
   2.3916044e+02   3.4535769e+01   3.4935876e+01   3.8752002e+01   4.2984973e+01   4.7134257e+01
   1.8777459e+02   2.8394002e+01   2.6194439e+01   2.8722955e+01   3.2229541e+01   3.5750049e+01
   1.4742947e+02   2.4728433e+01   2.1289432e+01   2.2551560e+01   2.5014919e+01   2.8068817e+01
   1.1575287e+02   2.2551560e+01   1.8541039e+01   1.8755842e+01   2.0566319e+01   2.3077119e+01
   9.1935182e+01   2.1289432e+01   1.7104743e+01   1.6523767e+01   1.7706147e+01   1.9415299e+01
   7.2182050e+01   2.0566319e+01   1.6334527e+01   1.4896579e+01   1.5598992e+01   1.6908849e+01
   5.7329637e+01   2.0097941e+01   1.6334527e+01   1.4062872e+01   1.4225795e+01   1.5243740e+01
   4.5533304e+01   1.9640230e+01   1.6523767e+01   1.3429630e+01   1.3275825e+01   1.4062872e+01
   3.6164223e+01   1.9640230e+01   1.7302906e+01   1.2973481e+01   1.2678023e+01   1.3123783e+01
