   8.8608164e-01   1.7282987e+00   1.0777456e+00   2.4417087e+00   2.6164284e+00   2.6774037e+00
   1.4709022e+00   2.0307377e+00   1.2233304e+00   2.5864635e+00   2.7715413e+00   2.8361315e+00
   5.1033332e+00   2.5864635e+00   1.5581035e+00   2.9022269e+00   3.1098996e+00   3.1823752e+00
   3.0778264e+01   3.7392663e+00   2.3861011e+00   3.6964420e+00   3.9155827e+00   4.0068345e+00
   6.3591885e+01   5.6607821e+00   6.4998967e+00   7.7258091e+00   7.9974489e+00   8.0901016e+00
   9.9655036e+01   1.0435404e+02   9.9655036e+01   9.9655036e+01   1.0080957e+02   1.0080957e+02
   7.0538174e+01   4.5011829e+01   4.7134257e+01   4.8232711e+01   4.8791500e+01   4.8791500e+01
   5.0507012e+01   1.7911278e+01   2.0097941e+01   2.1045613e+01   2.1536076e+01   2.1536076e+01
   3.7435759e+01   8.7694324e+00   1.0069351e+01   1.0789877e+01   1.1298649e+01   1.1561961e+01
   2.8722955e+01   5.0448868e+00   5.7263639e+00   6.2791224e+00   6.7284334e+00   7.0456970e+00
   2.2293286e+01   3.3324326e+00   3.6122591e+00   4.0532548e+00   4.4445102e+00   4.7079996e+00
   1.7302906e+01   2.4986122e+00   2.5275593e+00   2.8036504e+00   3.1098996e+00   3.4100943e+00
   1.3585216e+01   2.0542643e+00   1.8951292e+00   2.0780636e+00   2.3050553e+00   2.5568418e+00
   1.0666305e+01   1.7890658e+00   1.5402591e+00   1.6315722e+00   1.8097926e+00   2.0307377e+00
   8.3745500e+00   1.6315722e+00   1.3414169e+00   1.3569576e+00   1.4879430e+00   1.6504744e+00
   6.5751998e+00   1.5226192e+00   1.2233304e+00   1.1817790e+00   1.2663428e+00   1.4046683e+00
   5.2222653e+00   1.4709022e+00   1.1817790e+00   1.0777456e+00   1.1285642e+00   1.2233304e+00
   4.1477150e+00   1.4374038e+00   1.1682446e+00   1.0057760e+00   1.0292153e+00   1.1028622e+00
   3.2942676e+00   1.4209418e+00   1.1954702e+00   9.6048646e-01   9.6048646e-01   1.0057760e+00
   2.6164284e+00   1.4046683e+00   1.2375030e+00   9.3861230e-01   9.0673157e-01   9.4948639e-01
