   6.3518678e+00   1.2532826e+01   7.7258091e+00   1.7706147e+01   1.8973134e+01   1.9415299e+01
   1.0544148e+01   1.4557324e+01   8.8710288e+00   1.8755842e+01   2.0097941e+01   2.0566319e+01
   3.6583196e+01   1.8541039e+01   1.1169250e+01   2.0804586e+01   2.2293286e+01   2.2812826e+01
   2.2063369e+02   2.7115437e+01   1.7104743e+01   2.6497909e+01   2.8068817e+01   2.8722955e+01
   4.6113907e+02   4.1049385e+01   4.7134257e+01   5.5382389e+01   5.7329637e+01   5.7993817e+01
   7.2265243e+02   7.5672742e+02   7.1437618e+02   7.2265243e+02   7.2265243e+02   7.2265243e+02
   5.0565223e+02   3.2266687e+02   3.4179593e+02   3.4976141e+02   3.4976141e+02   3.5381349e+02
   3.6205904e+02   1.2839682e+02   1.4407190e+02   1.5086528e+02   1.5438116e+02   1.5616971e+02
   2.6835788e+02   6.2863593e+01   7.2182050e+01   7.8243222e+01   8.0994257e+01   8.2881811e+01
   2.0590023e+02   3.6164223e+01   4.1049385e+01   4.5533304e+01   4.8791500e+01   5.0507012e+01
   1.5980921e+02   2.4165267e+01   2.6194439e+01   2.9055718e+01   3.1860429e+01   3.4140245e+01
   1.2403572e+02   1.7911278e+01   1.8118785e+01   2.0097941e+01   2.2293286e+01   2.4445228e+01
   9.7385489e+01   1.4725974e+01   1.3585216e+01   1.4896579e+01   1.6715199e+01   1.8541039e+01
   7.6461308e+01   1.2824901e+01   1.1041333e+01   1.1695910e+01   1.2973481e+01   1.4557324e+01
   6.0032882e+01   1.1695910e+01   9.6159345e+00   9.7273378e+00   1.0666305e+01   1.1968481e+01
   4.7680321e+01   1.1041333e+01   8.8710288e+00   8.5697171e+00   9.0777661e+00   1.0069351e+01
   3.7435759e+01   1.0666305e+01   8.4715715e+00   7.7258091e+00   8.0901016e+00   8.7694324e+00
   2.9732855e+01   1.0423390e+01   8.3745500e+00   7.2098954e+00   7.3779204e+00   7.9058574e+00
   2.3614926e+01   1.0186008e+01   8.5697171e+00   6.9650055e+00   6.8852380e+00   7.2934241e+00
   1.8755842e+01   1.0186008e+01   8.8710288e+00   6.7284334e+00   6.5751998e+00   6.8063842e+00
