   1.2360784e-01   2.4109661e-01   1.4862301e-01   3.4061685e-01   3.6499015e-01   3.7349616e-01
   2.0283999e-01   2.8328665e-01   1.7065384e-01   3.6081006e-01   3.8662831e-01   3.9563859e-01
   7.0375859e-01   3.5667785e-01   2.1486520e-01   4.0022218e-01   4.2886061e-01   4.3885511e-01
   4.2443766e+00   5.2162534e-01   3.2904753e-01   5.0974582e-01   5.4622137e-01   5.5254949e-01
   8.8710288e+00   7.8967561e-01   9.0673157e-01   1.0777456e+00   1.1156392e+00   1.1285642e+00
   5.0101407e+04   1.4725974e+01   1.3742604e+01   1.4062872e+01   1.3901816e+01   1.4062872e+01
   9.7273378e+00   6.2072101e+00   6.5751998e+00   6.7284334e+00   6.8063842e+00   6.8063842e+00
   6.9650055e+00   2.4986122e+00   2.7715413e+00   2.9022269e+00   2.9698627e+00   3.0042694e+00
   5.2222653e+00   1.2093201e+00   1.3885812e+00   1.5051812e+00   1.5761545e+00   1.5944147e+00
   4.0068345e+00   6.9569873e-01   7.9882422e-01   8.7593370e-01   9.3861230e-01   9.7161396e-01
   3.0742832e+00   4.6487230e-01   5.0390791e-01   5.5895093e-01   6.1290575e-01   6.5676304e-01
   2.4137448e+00   3.4855485e-01   3.4855485e-01   3.8662831e-01   4.3382908e-01   4.7025797e-01
   1.8734250e+00   2.8328665e-01   2.6436935e-01   2.8656861e-01   3.2155379e-01   3.5667785e-01
   1.4709022e+00   2.4671531e-01   2.1486520e-01   2.2499667e-01   2.5246495e-01   2.8004228e-01
   1.1682446e+00   2.2499667e-01   1.8498374e-01   1.8929475e-01   2.0518995e-01   2.3024017e-01
   9.1723631e-01   2.1240444e-01   1.7065384e-01   1.6485744e-01   1.7665404e-01   1.9370622e-01
   7.2850278e-01   2.0518995e-01   1.6296939e-01   1.5034485e-01   1.5563098e-01   1.7065384e-01
   5.7197716e-01   2.0051694e-01   1.6296939e-01   1.4030513e-01   1.4357491e-01   1.5208663e-01
   4.5428528e-01   1.9822050e-01   1.6485744e-01   1.3398727e-01   1.3398727e-01   1.4030513e-01
   3.6081006e-01   1.9595036e-01   1.7263091e-01   1.3093584e-01   1.2648850e-01   1.3093584e-01
