   3.2942676e+00   6.4998967e+00   4.0068345e+00   9.1829346e+00   9.8400317e+00   1.0069351e+01
   5.4685090e+00   7.5498612e+00   4.6007795e+00   9.7273378e+00   1.0423390e+01   1.0666305e+01
   1.8973134e+01   9.6159345e+00   5.7927054e+00   1.0789877e+01   1.1561961e+01   1.1831410e+01
   1.1442720e+02   1.4062872e+01   8.8710288e+00   1.3742604e+01   1.4557324e+01   1.4896579e+01
   2.3916044e+02   2.1045613e+01   2.4165267e+01   2.8722955e+01   2.9732855e+01   3.0077319e+01
   3.7049674e+02   3.9246135e+02   3.7049674e+02   3.7478905e+02   3.7478905e+02   3.7478905e+02
   2.6224629e+02   1.6734464e+02   1.7726554e+02   1.8139667e+02   1.8139667e+02   1.8349820e+02
   1.8777459e+02   6.6590413e+01   7.4719975e+01   7.8243222e+01   8.0066663e+01   8.0994257e+01
   1.3917838e+02   3.2602930e+01   3.7435759e+01   4.0114525e+01   4.2006032e+01   4.2984973e+01
   1.0678598e+02   1.8755842e+01   2.1289432e+01   2.3614926e+01   2.5304724e+01   2.6194439e+01
   8.2881811e+01   1.2389293e+01   1.3585216e+01   1.5069160e+01   1.6523767e+01   1.7503365e+01
   6.4328615e+01   9.2893215e+00   9.3969409e+00   1.0423390e+01   1.1561961e+01   1.2678023e+01
   5.0507012e+01   7.6373285e+00   7.0456970e+00   7.7258091e+00   8.5697171e+00   9.6159345e+00
   3.9655109e+01   6.6513753e+00   5.7263639e+00   6.0658469e+00   6.7284334e+00   7.5498612e+00
   3.1134839e+01   6.0658469e+00   4.9871097e+00   5.0448868e+00   5.5318633e+00   6.1361215e+00
   2.4728433e+01   5.7263639e+00   4.6007795e+00   4.3936091e+00   4.7079996e+00   5.2222653e+00
   1.9415299e+01   5.4685090e+00   4.3936091e+00   4.0068345e+00   4.1957674e+00   4.5480886e+00
   1.5420343e+01   5.3439690e+00   4.3432908e+00   3.7392663e+00   3.8264091e+00   4.1002129e+00
   1.2247403e+01   5.2827667e+00   4.4445102e+00   3.6122591e+00   3.5708893e+00   3.7825867e+00
   9.7273378e+00   5.2827667e+00   4.6007795e+00   3.4895658e+00   3.4100943e+00   3.5299933e+00
