   5.6607821e+00   6.7284334e+00   6.2072101e+00   8.3745500e+00   8.6689996e+00   8.7694324e+00
   9.8400317e+00   8.0901016e+00   7.1273234e+00   9.3969409e+00   9.7273378e+00   9.8400317e+00
   3.4140245e+01   1.0914881e+01   9.5058070e+00   1.1831410e+01   1.2247403e+01   1.2389293e+01
   2.1313969e+02   1.7706147e+01   1.7104743e+01   1.9415299e+01   1.9867768e+01   2.0097941e+01
   5.5446219e+02   1.3138908e+02   6.0032882e+01   6.2143641e+01   6.2863593e+01   6.2863593e+01
   1.2707263e+03   9.8854740e+04   7.9240914e+02   8.0158942e+02   9.8854740e+04   7.9240914e+02
   6.6667160e+02   2.8426727e+02   2.8756059e+02   2.9089206e+02   2.9089206e+02   2.9089206e+02
   4.2541658e+02   1.1054059e+02   1.1575287e+02   1.1709390e+02   1.1845046e+02   1.1845046e+02
   2.9767123e+02   5.3501281e+01   5.7329637e+01   5.9345350e+01   6.0032882e+01   6.0728380e+01
   2.2063369e+02   3.0425773e+01   3.2980644e+01   3.4535769e+01   3.5340618e+01   3.5750049e+01
   1.6928337e+02   2.0097941e+01   2.1536076e+01   2.2551560e+01   2.3344474e+01   2.3888512e+01
   1.2988434e+02   1.5243740e+01   1.5598992e+01   1.6334527e+01   1.6908849e+01   1.7503365e+01
   1.0197747e+02   1.2824901e+01   1.2389293e+01   1.2824901e+01   1.3275825e+01   1.3901816e+01
   8.0066663e+01   1.1695910e+01   1.0544148e+01   1.0789877e+01   1.1169250e+01   1.1695910e+01
   6.2863593e+01   1.1298649e+01   9.6159345e+00   9.7273378e+00   9.9540312e+00   1.0304015e+01
   4.9356763e+01   1.1298649e+01   9.1829346e+00   9.0777661e+00   9.1829346e+00   9.3969409e+00
   3.9200955e+01   1.1561961e+01   8.9738021e+00   8.6689996e+00   8.6689996e+00   8.8710288e+00
   3.1495545e+01   1.2107139e+01   8.9738021e+00   8.4715715e+00   8.3745500e+00   8.5697171e+00
   2.5304724e+01   1.2678023e+01   9.0777661e+00   8.3745500e+00   8.2786397e+00   8.2786397e+00
   2.0330782e+01   1.3275825e+01   9.3969409e+00   8.2786397e+00   8.1838277e+00   8.1838277e+00
