   2.9358500e+00   3.4895658e+00   3.2192439e+00   4.2935488e+00   4.4960011e+00   4.5480886e+00
   5.1033332e+00   4.1957674e+00   3.6964420e+00   4.8735331e+00   5.0448868e+00   5.1033332e+00
   1.7706147e+01   5.6607821e+00   4.9299944e+00   6.1361215e+00   6.3518678e+00   6.4254560e+00
   1.1054059e+02   9.1829346e+00   8.7694324e+00   1.0069351e+01   1.0304015e+01   1.0304015e+01
   2.8756059e+02   6.8142287e+01   3.1134839e+01   3.2229541e+01   3.2229541e+01   3.2602930e+01
   6.5903648e+02   4.2054445e+02   4.1096696e+02   4.1096696e+02   4.1096696e+02   4.1096696e+02
   3.4575573e+02   1.4742947e+02   1.4913748e+02   1.5086528e+02   1.5086528e+02   1.5086528e+02
   2.2063369e+02   5.7329637e+01   6.0032882e+01   6.0728380e+01   6.1431935e+01   6.1431935e+01
   1.5438116e+02   2.7747356e+01   2.9732855e+01   3.0425773e+01   3.1134839e+01   3.1134839e+01
   1.1575287e+02   1.5779711e+01   1.7104743e+01   1.7706147e+01   1.8328696e+01   1.8541039e+01
   8.7795395e+01   1.0423390e+01   1.1169250e+01   1.1695910e+01   1.2107139e+01   1.2389293e+01
   6.7361881e+01   7.9058574e+00   8.0901016e+00   8.4715715e+00   8.7694324e+00   9.0777661e+00
   5.2888552e+01   6.6513753e+00   6.4254560e+00   6.6513753e+00   6.8852380e+00   7.2098954e+00
   4.1524953e+01   6.0658469e+00   5.4685090e+00   5.5959514e+00   5.7927054e+00   6.0658469e+00
   3.2602930e+01   5.7927054e+00   4.9871097e+00   5.0448868e+00   5.1624568e+00   5.3439690e+00
   2.5597886e+01   5.8598155e+00   4.7625431e+00   4.6540808e+00   4.7625431e+00   4.8735331e+00
   2.0330782e+01   5.9963772e+00   4.6540808e+00   4.4960011e+00   4.4960011e+00   4.6007795e+00
   1.6334527e+01   6.2791224e+00   4.6540808e+00   4.3432908e+00   4.3432908e+00   4.3936091e+00
   1.2973481e+01   6.5751998e+00   4.7079996e+00   4.2935488e+00   4.2935488e+00   4.2935488e+00
   1.0544148e+01   6.8852380e+00   4.8735331e+00   4.2935488e+00   4.1957674e+00   4.2443766e+00
