   2.1289432e+01   2.5014919e+01   2.3077119e+01   3.1134839e+01   3.2229541e+01   3.2602930e+01
   3.6583196e+01   3.0077319e+01   2.6497909e+01   3.4935876e+01   3.6164223e+01   3.6583196e+01
   1.2692635e+02   4.0579263e+01   3.5340618e+01   4.3986728e+01   4.5533304e+01   4.6060820e+01
   8.0158942e+02   6.6590413e+01   6.3591885e+01   7.2182050e+01   7.3864237e+01   7.4719975e+01
   2.0613754e+03   4.8847734e+02   2.2318980e+02   2.3103716e+02   2.3371379e+02   2.3371379e+02
   4.7242967e+03   3.0146689e+03   2.9460127e+03   2.9460127e+03   2.9460127e+03   2.9460127e+03
   2.4785467e+03   1.0568467e+03   1.0690906e+03   1.0814763e+03   1.0814763e+03   1.0814763e+03
   1.5634970e+03   4.1096696e+02   4.3034515e+02   4.3533081e+02   4.4037424e+02   4.4037424e+02
   1.1066799e+03   1.9890666e+02   2.1313969e+02   2.2063369e+02   2.2318980e+02   2.2577551e+02
   8.2027028e+02   1.1311671e+02   1.2261519e+02   1.2839682e+02   1.3138908e+02   1.3291126e+02
   6.2215264e+02   7.5585627e+01   8.0066663e+01   8.3842020e+01   8.6789909e+01   8.8812529e+01
   4.8288301e+02   5.6673063e+01   5.7993817e+01   6.0728380e+01   6.2863593e+01   6.5073880e+01
   3.7478905e+02   4.7680321e+01   4.6060820e+01   4.7680321e+01   4.9928575e+01   5.1684067e+01
   2.9426213e+02   4.3482966e+01   3.9655109e+01   4.0579263e+01   4.2006032e+01   4.3482966e+01
   2.3371379e+02   4.2006032e+01   3.5750049e+01   3.6164223e+01   3.7007022e+01   3.8308191e+01
   1.8349820e+02   4.2006032e+01   3.4140245e+01   3.3749250e+01   3.4140245e+01   3.4935876e+01
   1.4742947e+02   4.2984973e+01   3.3362734e+01   3.2229541e+01   3.2602930e+01   3.2980644e+01
   1.1709390e+02   4.5011829e+01   3.3362734e+01   3.1495545e+01   3.1495545e+01   3.1860429e+01
   9.4077711e+01   4.7134257e+01   3.4140245e+01   3.1134839e+01   3.0778264e+01   3.0778264e+01
   7.5585627e+01   4.9356763e+01   3.4935876e+01   3.0778264e+01   3.0425773e+01   3.0425773e+01
