   7.8967561e-01   9.3861230e-01   8.5598516e-01   1.1548651e+00   1.1954702e+00   1.2233304e+00
   1.3569576e+00   1.1285642e+00   9.9425721e-01   1.3108674e+00   1.3569576e+00   1.3726784e+00
   4.7079996e+00   1.5226192e+00   1.3108674e+00   1.6504744e+00   1.7085052e+00   1.7085052e+00
   2.9732855e+01   2.4699966e+00   2.3587741e+00   2.7084222e+00   2.7715413e+00   2.7715413e+00
   7.6461308e+01   1.8118785e+01   8.3745500e+00   8.5697171e+00   8.6689996e+00   8.6689996e+00
   9.7722596e+04   1.1311671e+02   1.1054059e+02   1.1054059e+02   1.1054059e+02   1.1054059e+02
   9.3000277e+01   3.9655109e+01   4.0114525e+01   4.0114525e+01   4.0579263e+01   4.0579263e+01
   5.8665691e+01   1.5420343e+01   1.6147454e+01   1.6334527e+01   1.6523767e+01   1.6523767e+01
   4.1524953e+01   7.4633957e+00   7.9974489e+00   8.1838277e+00   8.3745500e+00   8.3745500e+00
   3.0778264e+01   4.2443766e+00   4.6007795e+00   4.7625431e+00   4.8735331e+00   4.9871097e+00
   2.3614926e+01   2.8036504e+00   2.9698627e+00   3.1098996e+00   3.2565397e+00   3.3324326e+00
   1.8118785e+01   2.1264924e+00   2.1511284e+00   2.2525598e+00   2.3587741e+00   2.4417087e+00
   1.4225795e+01   1.7890658e+00   1.7085052e+00   1.7890658e+00   1.8519694e+00   1.9170848e+00
   1.1169250e+01   1.6128865e+00   1.4709022e+00   1.5051812e+00   1.5581035e+00   1.6128865e+00
   8.7694324e+00   1.5581035e+00   1.3414169e+00   1.3414169e+00   1.3885812e+00   1.4374038e+00
   6.8852380e+00   1.5761545e+00   1.2663428e+00   1.2518399e+00   1.2810137e+00   1.3108674e+00
   5.4685090e+00   1.6128865e+00   1.2518399e+00   1.1954702e+00   1.2093201e+00   1.2375030e+00
   4.3936091e+00   1.6889384e+00   1.2518399e+00   1.1682446e+00   1.1682446e+00   1.1817790e+00
   3.4895658e+00   1.7685763e+00   1.2663428e+00   1.1548651e+00   1.1416389e+00   1.1548651e+00
   2.8361315e+00   1.8519694e+00   1.2958546e+00   1.1548651e+00   1.1285642e+00   1.1285642e+00
