   1.5226192e+00   1.8097926e+00   1.6504744e+00   2.2267622e+00   2.3317600e+00   2.3587741e+00
   2.6164284e+00   2.1760498e+00   1.9170848e+00   2.5275593e+00   2.6164284e+00   2.6467405e+00
   9.0777661e+00   2.9358500e+00   2.5275593e+00   3.1823752e+00   3.2942676e+00   3.3324326e+00
   5.7329637e+01   4.7625431e+00   4.5480886e+00   5.2222653e+00   5.3439690e+00   5.3439690e+00
   1.4913748e+02   3.4935876e+01   1.6147454e+01   1.6715199e+01   1.6715199e+01   1.6908849e+01
   3.4179593e+02   2.1810686e+02   2.1313969e+02   2.1313969e+02   2.1313969e+02   2.1313969e+02
   1.7931921e+02   7.6461308e+01   7.7347133e+01   7.8243222e+01   7.8243222e+01   7.8243222e+01
   1.1311671e+02   2.9732855e+01   3.1134839e+01   3.1495545e+01   3.1860429e+01   3.1860429e+01
   8.0066663e+01   1.4390605e+01   1.5420343e+01   1.5779711e+01   1.6147454e+01   1.6147454e+01
   6.0032882e+01   8.1838277e+00   8.8710288e+00   9.1829346e+00   9.5058070e+00   9.6159345e+00
   4.5533304e+01   5.4058804e+00   5.7927054e+00   6.0658469e+00   6.2791224e+00   6.4254560e+00
   3.4935876e+01   4.1002129e+00   4.1957674e+00   4.3432908e+00   4.5480886e+00   4.7079996e+00
   2.7429577e+01   3.4496012e+00   3.3324326e+00   3.4496012e+00   3.5708893e+00   3.7392663e+00
   2.1536076e+01   3.1459287e+00   2.8361315e+00   2.9022269e+00   3.0042694e+00   3.1459287e+00
   1.6908849e+01   3.0042694e+00   2.5864635e+00   2.5864635e+00   2.6774037e+00   2.7715413e+00
   1.3275825e+01   3.0390747e+00   2.4699966e+00   2.4137448e+00   2.4699966e+00   2.5275593e+00
   1.0544148e+01   3.1098996e+00   2.4137448e+00   2.3317600e+00   2.3317600e+00   2.3861011e+00
   8.4715715e+00   3.2565397e+00   2.4137448e+00   2.2525598e+00   2.2525598e+00   2.2786564e+00
   6.7284334e+00   3.4100943e+00   2.4417087e+00   2.2267622e+00   2.2012600e+00   2.2267622e+00
   5.4685090e+00   3.5708893e+00   2.4986122e+00   2.2267622e+00   2.1760498e+00   2.2012600e+00
