   1.0914881e+01   1.2973481e+01   1.1968481e+01   1.6147454e+01   1.6715199e+01   1.6908849e+01
   1.8973134e+01   1.5598992e+01   1.3742604e+01   1.8118785e+01   1.8755842e+01   1.8973134e+01
   6.5827779e+01   2.1045613e+01   1.8328696e+01   2.2812826e+01   2.3614926e+01   2.3888512e+01
   4.1096696e+02   3.4535769e+01   3.2980644e+01   3.7435759e+01   3.8308191e+01   3.8752002e+01
   1.0690906e+03   2.5333888e+02   1.1575287e+02   1.1982275e+02   1.2121093e+02   1.2121093e+02
   2.4501609e+03   1.5634970e+03   1.5278899e+03   1.5278899e+03   1.5278899e+03   1.5278899e+03
   1.2854480e+03   5.4811216e+02   5.5446219e+02   5.6088579e+02   5.6088579e+02   5.6088579e+02
   8.2027028e+02   2.1313969e+02   2.2318980e+02   2.2577551e+02   2.2839119e+02   2.2839119e+02
   5.7395711e+02   1.0315891e+02   1.1054059e+02   1.1442720e+02   1.1575287e+02   1.1709390e+02
   4.2541658e+02   5.8665691e+01   6.3591885e+01   6.6590413e+01   6.8142287e+01   6.8931735e+01
   3.2640506e+02   3.8752002e+01   4.1524953e+01   4.3482966e+01   4.5011829e+01   4.6060820e+01
   2.5043749e+02   2.9392337e+01   3.0077319e+01   3.1495545e+01   3.2602930e+01   3.3749250e+01
   1.9662866e+02   2.4728433e+01   2.3888512e+01   2.4728433e+01   2.5894445e+01   2.6804895e+01
   1.5261309e+02   2.2551560e+01   2.0566319e+01   2.1045613e+01   2.1785578e+01   2.2551560e+01
   1.2121093e+02   2.1785578e+01   1.8541039e+01   1.8755842e+01   1.9192943e+01   1.9867768e+01
   9.5167628e+01   2.1785578e+01   1.7706147e+01   1.7503365e+01   1.7706147e+01   1.8118785e+01
   7.5585627e+01   2.2293286e+01   1.7302906e+01   1.6715199e+01   1.6715199e+01   1.7104743e+01
   6.0728380e+01   2.3344474e+01   1.7302906e+01   1.6334527e+01   1.6334527e+01   1.6523767e+01
   4.8791500e+01   2.4445228e+01   1.7503365e+01   1.6147454e+01   1.5962524e+01   1.5962524e+01
   3.9200955e+01   2.5597886e+01   1.8118785e+01   1.5962524e+01   1.5779711e+01   1.5779711e+01
