   4.0954927e-01   4.8121723e-01   4.4393937e-01   5.9894741e-01   6.2000644e-01   6.2718938e-01
   7.0375859e-01   5.8530696e-01   5.1565137e-01   6.7985486e-01   7.0375859e-01   7.1191184e-01
   2.4417087e+00   7.8063177e-01   6.7985486e-01   8.5598516e-01   8.7593370e-01   8.8608164e-01
   1.5420343e+01   1.2810137e+00   1.2233304e+00   1.3885812e+00   1.4209418e+00   1.4374038e+00
   3.9655109e+01   9.3969409e+00   4.2935488e+00   4.4445102e+00   4.4960011e+00   4.4960011e+00
   9.8854740e+04   6.0728380e+01   5.6673063e+01   5.8665691e+01   5.7329637e+01   5.7329637e+01
   4.8232711e+01   2.0566319e+01   2.0804586e+01   2.0804586e+01   2.1045613e+01   2.1045613e+01
   3.0425773e+01   7.9974489e+00   8.2786397e+00   8.4715715e+00   8.5697171e+00   8.5697171e+00
   2.1536076e+01   3.8264091e+00   4.1477150e+00   4.2443766e+00   4.2935488e+00   4.3432908e+00
   1.5962524e+01   2.2012600e+00   2.3861011e+00   2.4699966e+00   2.5275593e+00   2.5864635e+00
   1.2247403e+01   1.4540565e+00   1.5402591e+00   1.6128865e+00   1.6695957e+00   1.7282987e+00
   9.3969409e+00   1.1028622e+00   1.1156392e+00   1.1682446e+00   1.2233304e+00   1.2663428e+00
   7.3779204e+00   9.1723631e-01   8.8608164e-01   9.2786275e-01   9.6048646e-01   9.9425721e-01
   5.7927054e+00   8.3649092e-01   7.6285364e-01   7.8063177e-01   8.0807883e-01   8.3649092e-01
   4.5480886e+00   8.0807883e-01   6.9569873e-01   6.9569873e-01   7.2015953e-01   7.3694269e-01
   3.5708893e+00   8.0807883e-01   6.5676304e-01   6.4924140e-01   6.5676304e-01   6.7985486e-01
   2.8361315e+00   8.3649092e-01   6.4924140e-01   6.2000644e-01   6.2718938e-01   6.4180590e-01
   2.2786564e+00   8.6590198e-01   6.4924140e-01   6.0588639e-01   6.0588639e-01   6.1290575e-01
   1.8097926e+00   9.1723631e-01   6.5676304e-01   5.9894741e-01   5.9208791e-01   5.9894741e-01
   1.4709022e+00   9.6048646e-01   6.7206876e-01   5.9894741e-01   5.8530696e-01   5.8530696e-01
