   4.1049385e+01   4.8232711e+01   4.4496327e+01   6.0032882e+01   6.2143641e+01   6.2863593e+01
   7.0538174e+01   5.7993817e+01   5.1092150e+01   6.7361881e+01   6.9730328e+01   7.0538174e+01
   2.4473402e+02   7.8243222e+01   6.8142287e+01   8.5795939e+01   8.7795395e+01   8.8812529e+01
   1.4759938e+03   1.2839682e+02   1.2261519e+02   1.3917838e+02   1.4242190e+02   1.4407190e+02
   3.9746569e+03   9.4186139e+02   4.3034515e+02   4.4547610e+02   4.5063707e+02   4.5063707e+02
   9.1091896e+03   5.8800997e+03   5.6803774e+03   5.6803774e+03   5.6803774e+03   5.6803774e+03
   4.7242967e+03   2.0377672e+03   2.0613754e+03   2.0852570e+03   2.0852570e+03   2.0852570e+03
   3.0146689e+03   7.9240914e+02   8.2977334e+02   8.3938650e+02   8.4911103e+02   8.4911103e+02
   2.1094152e+03   3.8352343e+02   4.1096696e+02   4.2541658e+02   4.3034515e+02   4.3533081e+02
   1.5816105e+03   2.1810686e+02   2.3642143e+02   2.4756933e+02   2.5333888e+02   2.5627388e+02
   1.1996085e+03   1.4574102e+02   1.5438116e+02   1.6166064e+02   1.6734464e+02   1.7124457e+02
   9.3107463e+02   1.0927461e+02   1.1182123e+02   1.1709390e+02   1.2261519e+02   1.2547271e+02
   7.2265243e+02   9.1935182e+01   8.8812529e+01   9.1935182e+01   9.6270172e+01   9.9655036e+01
   5.6738381e+02   8.3842020e+01   7.6461308e+01   7.8243222e+01   8.0994257e+01   8.3842020e+01
   4.5063707e+02   8.0994257e+01   6.9730328e+01   6.9730328e+01   7.1355378e+01   7.3864237e+01
   3.5381349e+02   8.0994257e+01   6.5827779e+01   6.5073880e+01   6.5827779e+01   6.8142287e+01
   2.8426727e+02   8.2881811e+01   6.4328615e+01   6.2143641e+01   6.2863593e+01   6.3591885e+01
   2.2577551e+02   8.6789909e+01   6.4328615e+01   6.0728380e+01   6.0728380e+01   6.1431935e+01
   1.8139667e+02   9.0882285e+01   6.5827779e+01   6.0032882e+01   5.9345350e+01   6.0032882e+01
   1.4574102e+02   9.5167628e+01   6.7361881e+01   5.9345350e+01   5.8665691e+01   5.8665691e+01
