500	0.0129594	0.0146931	0.0137821	0.0135141	0.0134405	0.0141488	0.0133784	0.0132514	0.0124258	0.0120981	0.0119634	0.0114299	0.0111547	0.0117003	0.0109578	0.0117404	0.011291	0.0113337	0.0125114	0.0119914	0.012028	0.0117828	0.0122372	0.0128321	0.0124076	0.0127843	0.012442
499	0.0134295	0.0149863	0.0135069	0.0141133	0.0131977	0.0130631	0.0126486	0.0124652	0.0121262	0.0121709	0.011749	0.0103326	0.0102459	0.0117464	0.0113892	0.0112651	0.0107219	0.0106906	0.0117199	0.0114737	0.010875	0.0117458	0.0119464	0.0120545	0.0113831	0.0120102	0.0116293
498	0.0125198	0.0137072	0.0131864	0.0135753	0.0132892	0.0119445	0.0125358	0.0115826	0.0108075	0.0111104	0.011603	0.00963151	0.0106097	0.0105726	0.0106497	0.0113519	0.0108152	0.0100805	0.0107717	0.0111046	0.0104359	0.0115529	0.0108692	0.010881	0.0111283	0.01158	0.0114318
497	0.0118223	0.0134934	0.0125671	0.0128725	0.0125063	0.0131874	0.0124289	0.0117208	0.0109095	0.0113577	0.012072	0.00967369	0.0107276	0.0101019	0.0109914	0.0116827	0.0103552	0.0107228	0.0106322	0.0097086	0.0107289	0.0116567	0.0112201	0.0111922	0.0111285	0.0116401	0.0121808
496	0.0113772	0.0128598	0.0125267	0.0122485	0.0125171	0.0124449	0.0121661	0.0117489	0.0107924	0.0107827	0.0118538	0.00999941	0.00966293	0.0100219	0.0100289	0.0107779	0.00990566	0.00998561	0.00897994	0.00772223	0.0103872	0.0108245	0.0105481	0.0108617	0.00969183	0.0110305	0.0112344
495	0.0109899	0.0129412	0.0114722	0.0117181	0.0115874	0.01176	0.0112532	0.0107713	0.010626	0.0104953	0.0105542	0.00954435	0.00872818	0.00941102	0.00962745	0.0091176	0.00885895	0.00826204	0.00681246	0.00484568	0.00875813	0.00973179	0.00920231	0.00871497	0.00847015	0.00861801	0.00938912
494	0.0115968	0.012952	0.0117698	0.0123907	0.0120466	0.0119031	0.0118206	0.0116411	0.0110043	0.010971	0.0107329	0.0101384	0.00930663	0.0108588	0.0101261	0.00950981	0.00871093	0.00837504	0.00730537	0.00610111	0.00927718	0.00979905	0.00916329	0.00886787	0.00926101	0.00922024	0.00991454
493	0.012319	0.0138351	0.0126195	0.0136019	0.0126214	0.0135711	0.012712	0.0132785	0.0116287	0.0114263	0.012701	0.0114997	0.0110286	0.0117986	0.0112697	0.0107424	0.0101201	0.0108194	0.0102949	0.00932835	0.0109305	0.0107446	0.0109438	0.0111033	0.0109276	0.0112616	0.0123015
492	0.013945	0.0148255	0.0141587	0.0140631	0.0138702	0.0138611	0.0129619	0.0136393	0.0122005	0.011802	0.0131362	0.01261	0.0132436	0.0119451	0.0115274	0.0119071	0.0128637	0.0138992	0.0147517	0.0144656	0.0131844	0.0123387	0.0129431	0.0140344	0.0138306	0.0146626	0.0150316
491	0.013079	0.0145558	0.0137066	0.0136262	0.0137506	0.01322	0.0127856	0.01122	0.0117502	0.0104633	0.0122058	0.011712	0.0131795	0.0117771	0.0104714	0.0109534	0.0129697	0.014102	0.0159722	0.0152347	0.013007	0.0124967	0.0125301	0.0134618	0.0135276	0.0140994	0.0151725
490	0.0122205	0.0127689	0.0126347	0.0131461	0.0125891	0.0117714	0.0115984	0.0109163	0.0108552	0.00966057	0.01074	0.0105113	0.0111304	0.0107843	0.010305	0.00968839	0.00984691	0.0113681	0.0123844	0.011565	0.0115347	0.0114441	0.0105295	0.0111741	0.0119589	0.0120682	0.0119347
489	0.0132121	0.0141204	0.0135808	0.0133815	0.0135708	0.0124067	0.0123492	0.0124187	0.0115999	0.0119245	0.012612	0.01117	0.0114965	0.011963	0.0110914	0.0108638	0.0103297	0.0115233	0.0123964	0.0114832	0.0119158	0.0125018	0.0117677	0.011685	0.0131536	0.0122468	0.012376
488	0.0129771	0.0141682	0.0132936	0.0135025	0.01314	0.0128985	0.0121783	0.0128823	0.0113121	0.0130466	0.0117966	0.0114369	0.0111526	0.0118681	0.0120065	0.0108669	0.0108941	0.0113903	0.0124328	0.0116478	0.0123105	0.0127255	0.0118083	0.0120479	0.0128639	0.01327	0.0132548
487	0.0128123	0.0142027	0.013143	0.0134934	0.0124617	0.0119499	0.0117338	0.0116349	0.0107351	0.0133373	0.0107425	0.00982595	0.0116994	0.0113232	0.011366	0.0106411	0.0113242	0.0102804	0.0115206	0.0109383	0.0121342	0.0123535	0.01083	0.010959	0.0116123	0.012556	0.0124938
486	0.0122181	0.0129427	0.0118104	0.0125462	0.0109163	0.0105751	0.0106287	0.0111187	0.0103096	0.0114303	0.0101903	0.00893219	0.0102235	0.0103821	0.0101666	0.00988874	0.0107759	0.009005	0.00987737	0.00904953	0.0106281	0.011494	0.00998852	0.0104636	0.0113468	0.0112184	0.0113455
485	0.0121196	0.0120514	0.0116162	0.0116851	0.0105375	0.0110896	0.0102591	0.0111118	0.0103313	0.0114061	0.0103339	0.00932602	0.0108159	0.0106338	0.00978918	0.0107519	0.0103071	0.00849426	0.0082654	0.00857457	0.0104879	0.0112482	0.00980386	0.0104197	0.0113859	0.0111807	0.0108557
484	0.0117322	0.0117293	0.0113177	0.0113701	0.0112348	0.0123793	0.0108825	0.0110693	0.0109608	0.0105305	0.0106901	0.00970411	0.0110585	0.0103738	0.0102119	0.0109257	0.0107792	0.00946152	0.00791063	0.00791883	0.010692	0.0108382	0.0103459	0.0107235	0.0114763	0.0117568	0.0103335
483	0.0104722	0.0111688	0.0111301	0.010582	0.010119	0.0109756	0.0103589	0.0100158	0.00936571	0.00959315	0.00972888	0.0078003	0.0091846	0.00881942	0.00881185	0.00955962	0.00885097	0.00870009	0.0076941	0.0081077	0.00945215	0.0102629	0.00939069	0.00989583	0.0103129	0.0108271	0.00924278
482	0.0112801	0.0129133	0.0119588	0.0110537	0.0105075	0.0106671	0.0111258	0.0111215	0.00993755	0.00969763	0.0100814	0.00840338	0.00985659	0.00980294	0.00955775	0.00999284	0.00980755	0.0104881	0.009954	0.0105213	0.00981018	0.0106941	0.0106743	0.0114054	0.0116084	0.0110435	0.0102581
481	0.012828	0.0145928	0.0137202	0.0129856	0.0124472	0.0119226	0.0122854	0.0128894	0.0114373	0.0113171	0.0110866	0.0101434	0.0114934	0.0114199	0.011015	0.011782	0.0111362	0.01339	0.0131188	0.0146295	0.0118976	0.0125828	0.0130732	0.0145157	0.0124905	0.0127233	0.0123366
480	0.0151731	0.0153755	0.0147501	0.0145545	0.013328	0.0137309	0.0127269	0.014276	0.0119902	0.0125542	0.0121335	0.0111655	0.0129954	0.0126219	0.0115708	0.01214	0.0123504	0.014186	0.014001	0.0148099	0.0131687	0.0131118	0.0131569	0.0146288	0.0133362	0.0134245	0.0132184
479	0.0137163	0.0141985	0.0140741	0.014413	0.013505	0.0129789	0.012005	0.0137564	0.0119547	0.0129685	0.0118015	0.0110883	0.0120879	0.0125494	0.0110462	0.012036	0.0117456	0.0126745	0.0123195	0.0127092	0.0123058	0.0129763	0.0126406	0.0139308	0.0130328	0.0131308	0.0131337
478	0.0135821	0.0148005	0.0137474	0.0148407	0.0137696	0.0132765	0.0138085	0.0137804	0.0118093	0.0125859	0.0119623	0.0113826	0.0136036	0.0131399	0.0124379	0.012382	0.0123447	0.0122636	0.0119753	0.012534	0.012177	0.0141193	0.0134402	0.0136	0.0134576	0.0132301	0.0138268
477	0.0150575	0.0153224	0.014839	0.0153398	0.0150853	0.0134955	0.0142688	0.0144205	0.012721	0.0139144	0.0133192	0.0124398	0.0142105	0.0131633	0.0138604	0.0136383	0.0135806	0.0139622	0.0134781	0.013881	0.0134083	0.0146167	0.0141539	0.0140297	0.0138787	0.0140877	0.0157383
476	0.0145696	0.0144998	0.0143249	0.014683	0.0150371	0.0138918	0.0139514	0.0136748	0.013562	0.0132699	0.0139859	0.0128295	0.0139951	0.0132364	0.0130173	0.0134347	0.013685	0.0140665	0.0136458	0.0129081	0.0132311	0.0142769	0.0130936	0.0137389	0.0135538	0.014637	0.015573
475	0.0133828	0.0131691	0.0140261	0.0140437	0.0148375	0.0149486	0.0129342	0.0140586	0.0134697	0.0135762	0.0146232	0.0133084	0.0140931	0.0137839	0.0123312	0.0132222	0.0142178	0.0141186	0.0125184	0.0117853	0.0138804	0.0139776	0.0135848	0.0134312	0.0136737	0.014992	0.0151688
474	0.012507	0.012785	0.0139661	0.0133262	0.0132891	0.0134443	0.0118268	0.0128542	0.0116147	0.0119931	0.0126843	0.012327	0.0127562	0.0119499	0.0109022	0.0120286	0.0117589	0.0121199	0.0110552	0.0118422	0.0126445	0.0125669	0.0123815	0.0117816	0.0127044	0.0131791	0.0136667
473	0.0114066	0.0135114	0.0137616	0.0129665	0.0126885	0.0122324	0.0115062	0.0125328	0.0111904	0.0118127	0.0109063	0.0109881	0.0115139	0.0108939	0.01068	0.0113311	0.0107712	0.0106823	0.0107431	0.011947	0.0121211	0.0112883	0.0121559	0.0118925	0.0121108	0.0125689	0.0125498
472	0.0113381	0.0120691	0.0121245	0.0120801	0.011822	0.0117021	0.0124737	0.0116263	0.0102263	0.0109417	0.010428	0.0103475	0.0102998	0.0109417	0.00918703	0.0110726	0.0104451	0.00987754	0.0101471	0.0102116	0.0108549	0.010911	0.0117218	0.0112092	0.0117195	0.0112566	0.0125305
471	0.0119951	0.012887	0.0125543	0.0121274	0.0117119	0.012564	0.0122836	0.0118945	0.010611	0.0112196	0.0121991	0.0103793	0.0113607	0.0113094	0.0100069	0.0119264	0.0114636	0.0110068	0.0116238	0.010319	0.0113041	0.0118268	0.0123928	0.0117072	0.0127459	0.0120798	0.0129027
470	0.0133355	0.013703	0.0131661	0.013499	0.012379	0.0132819	0.0129719	0.0123356	0.011878	0.0124336	0.0131029	0.0114416	0.0126167	0.0118262	0.0111042	0.0131025	0.013084	0.0123299	0.0118272	0.0103542	0.0126285	0.0130975	0.0128218	0.0124777	0.0134502	0.0132011	0.0139097
469	0.0146631	0.0153737	0.0144331	0.0144987	0.0136638	0.0147869	0.0143032	0.0135752	0.0135532	0.0131706	0.0139967	0.0138005	0.0138073	0.0136358	0.0129825	0.014175	0.013858	0.013493	0.0131195	0.0115998	0.014036	0.0141026	0.013313	0.013677	0.0143184	0.0141767	0.0149046
468	0.0139218	0.0148919	0.0140693	0.0141733	0.0133675	0.0134258	0.0135794	0.0130451	0.0126979	0.0126548	0.0125663	0.0135608	0.0132149	0.0128088	0.0122788	0.0129569	0.0126711	0.0127562	0.0130356	0.0133519	0.0133865	0.0138076	0.0127033	0.0134506	0.0132811	0.014195	0.0150048
467	0.0147702	0.0163821	0.0150126	0.0153181	0.0143046	0.0136157	0.0138042	0.0133267	0.0129775	0.0128488	0.0128434	0.0124891	0.0130845	0.0128998	0.012588	0.0122205	0.0125127	0.0134587	0.0131639	0.0156942	0.0135181	0.0143954	0.013717	0.015175	0.0143772	0.0149093	0.0159392
466	0.0145932	0.015984	0.0155844	0.0152335	0.0141603	0.0132467	0.0130896	0.0133669	0.0125653	0.0127325	0.013473	0.0123309	0.0131521	0.0128214	0.0124367	0.0127073	0.0125764	0.0138986	0.0129309	0.0149547	0.0129607	0.0143781	0.0137049	0.0147285	0.0138734	0.0143459	0.0148986
465	0.0133965	0.0152166	0.0154754	0.0145797	0.0135921	0.0129054	0.0128609	0.0133707	0.0122063	0.012811	0.0125758	0.0125216	0.0122425	0.0127303	0.0121048	0.0130287	0.011953	0.0128723	0.0123363	0.0133104	0.013082	0.0128884	0.0133573	0.0139508	0.0136212	0.0136631	0.0137743
464	0.0132771	0.0150859	0.0146536	0.0144688	0.0131249	0.0129873	0.0128525	0.0144755	0.0130631	0.0130621	0.0128951	0.012621	0.0118755	0.0128719	0.0123281	0.0137662	0.0127424	0.0131081	0.0125754	0.0134184	0.0141492	0.0133271	0.0129554	0.0142381	0.0137078	0.0152364	0.0140587
463	0.0132999	0.0152613	0.013648	0.0140061	0.0134138	0.0124079	0.0123376	0.0136812	0.0133013	0.0128248	0.0130997	0.0124855	0.0115963	0.0134639	0.0121867	0.0129787	0.012504	0.0125275	0.0121034	0.0134746	0.013188	0.013571	0.0125648	0.01408	0.0137041	0.0150638	0.0140084
462	0.0137829	0.0153263	0.0137973	0.0139084	0.0138768	0.012437	0.0126947	0.0126038	0.0131939	0.0130282	0.0129319	0.0117535	0.0117572	0.0136142	0.0129151	0.0117532	0.0122488	0.0124924	0.0123501	0.0142418	0.0123105	0.0126886	0.0126413	0.0134421	0.0128061	0.0138688	0.0134636
461	0.0140364	0.0161878	0.0142053	0.01343	0.0143638	0.0128737	0.0134952	0.0129908	0.0128151	0.0138725	0.0133902	0.0125726	0.0124468	0.0140093	0.0125943	0.0124261	0.0123996	0.0127449	0.0122571	0.0133955	0.0123638	0.0130724	0.0129934	0.0145123	0.0128192	0.0138136	0.0142334
460	0.0149355	0.0163533	0.0148057	0.0151181	0.0150183	0.0141864	0.0138299	0.0145152	0.013489	0.0138622	0.0141327	0.0128212	0.0134983	0.0146688	0.0136192	0.0136623	0.0133631	0.0136659	0.0129096	0.0136552	0.0136836	0.0146017	0.0147729	0.0153484	0.0138926	0.0149525	0.015327
459	0.0148205	0.0153944	0.0152943	0.0144272	0.0148876	0.0142779	0.0126285	0.0137009	0.013241	0.0137119	0.0139928	0.0129541	0.0134204	0.0146803	0.012877	0.0134838	0.0141	0.0134848	0.0132076	0.0136428	0.0139023	0.0150539	0.0142983	0.0150773	0.0137069	0.0156485	0.0150696
458	0.013888	0.0137409	0.0146363	0.0135825	0.0139251	0.012745	0.011648	0.0123268	0.0127611	0.0124431	0.0132492	0.0122107	0.0124445	0.0127042	0.0123094	0.0128403	0.0126116	0.0127477	0.0132368	0.0142232	0.0122636	0.0140167	0.0135601	0.0138261	0.0132953	0.013878	0.0151757
457	0.0142136	0.0151665	0.0150128	0.0148008	0.0146882	0.0136103	0.0135107	0.0130834	0.0130547	0.0133687	0.0139701	0.0127055	0.0136818	0.0140088	0.0135588	0.0134312	0.0127713	0.0136033	0.0138314	0.015076	0.0126618	0.0150389	0.01511	0.0147233	0.0141815	0.0143265	0.0163913
456	0.0146589	0.0150958	0.0146206	0.0149327	0.0144191	0.0142146	0.0140312	0.0137496	0.013802	0.0132509	0.0135115	0.0129123	0.0143951	0.0140926	0.0139078	0.0138704	0.0132903	0.0126821	0.0141409	0.0148637	0.0130297	0.0144698	0.0153536	0.0146349	0.0152942	0.0140976	0.0169834
455	0.0143932	0.0151746	0.0146325	0.0143969	0.0135381	0.0139117	0.014137	0.0131638	0.0134428	0.0125634	0.0126411	0.0119034	0.0130225	0.013985	0.0134558	0.0135651	0.0130721	0.0125118	0.0131201	0.0141087	0.0131924	0.0142063	0.0143859	0.0140943	0.0145299	0.0140103	0.0159432
454	0.01379	0.0145977	0.0134707	0.013618	0.0127655	0.013639	0.0128519	0.0131123	0.0131823	0.0123264	0.0126018	0.0113957	0.0121247	0.0130646	0.0129352	0.0133396	0.0127812	0.0122094	0.0128546	0.0129412	0.013349	0.0147683	0.013162	0.0132233	0.0144083	0.0134973	0.0144287
453	0.0133248	0.0136359	0.0125246	0.0130438	0.0133091	0.0128919	0.0125912	0.0125056	0.0127996	0.0127411	0.0120398	0.0108877	0.0115429	0.0118555	0.0127036	0.0123272	0.0122366	0.0117052	0.0113994	0.011305	0.0131957	0.0145055	0.0127518	0.0120683	0.0133747	0.0136085	0.0133305
452	0.0130234	0.0145721	0.013486	0.0132522	0.0134226	0.0137554	0.0123251	0.0131529	0.0131304	0.013228	0.0125013	0.0113825	0.0115902	0.0123694	0.0127415	0.0118882	0.0124761	0.0121396	0.0127392	0.0117281	0.0138164	0.013702	0.0132535	0.0136001	0.0132367	0.0146728	0.0139791
451	0.013036	0.0140572	0.0134931	0.0143401	0.0135382	0.0141622	0.0136039	0.0137857	0.0137056	0.0131128	0.0135874	0.0122754	0.0124805	0.0127894	0.012807	0.0126695	0.0134287	0.0126571	0.0125115	0.0112747	0.0140413	0.0135921	0.0144842	0.013913	0.0135304	0.0145859	0.014167
450	0.0135173	0.0146431	0.0141883	0.0148471	0.0137075	0.0135922	0.013835	0.0132149	0.0138778	0.0126665	0.0135794	0.0120041	0.0129532	0.0126274	0.0126068	0.0125353	0.0129124	0.0131403	0.0138643	0.0157893	0.0131228	0.0134614	0.0139887	0.0146189	0.0138279	0.014633	0.0150713
449	0.0132645	0.0140722	0.0140735	0.014317	0.0141228	0.0131405	0.0137074	0.013107	0.0136517	0.0131194	0.0132269	0.01185	0.0123132	0.0123591	0.0126148	0.0129287	0.0120518	0.0130916	0.0134759	0.0154374	0.011726	0.0133526	0.0130343	0.0141435	0.0138903	0.0143033	0.0156353
448	0.0139486	0.0147753	0.0147219	0.0143677	0.0143643	0.0147566	0.0148631	0.0140044	0.0140371	0.0141012	0.0136063	0.0136381	0.012707	0.0134728	0.013782	0.0137399	0.0129668	0.013437	0.0136721	0.0154323	0.0133599	0.0143653	0.0144007	0.0148925	0.0147843	0.0151158	0.0155922
447	0.0140834	0.0151821	0.0147389	0.0143995	0.0146491	0.0142336	0.014808	0.013984	0.0134519	0.0139029	0.0133137	0.01284	0.0130059	0.0138945	0.0143338	0.0134402	0.0134092	0.0133982	0.0136812	0.0152542	0.0154323	0.014263	0.0152298	0.0137139	0.0150663	0.0150373	0.01513
446	0.013255	0.0145582	0.013437	0.0134911	0.0137146	0.0134604	0.0137142	0.013435	0.0128728	0.0119441	0.0121666	0.0120724	0.0126029	0.0137871	0.0134026	0.0121104	0.0132804	0.0121542	0.0129911	0.0139086	0.0146029	0.0137901	0.0153185	0.0130786	0.0141611	0.0146277	0.0148187
445	0.014593	0.0152395	0.0148016	0.0146204	0.015185	0.0143229	0.014598	0.0138181	0.0138923	0.0131413	0.0120872	0.0132801	0.0130992	0.014011	0.0131728	0.0128504	0.0140896	0.0138428	0.013903	0.0139341	0.0144737	0.0137445	0.0148718	0.0144894	0.0150279	0.014344	0.0157241
444	0.0151595	0.0148631	0.0157114	0.0148095	0.0149427	0.0147671	0.0141344	0.014313	0.0143043	0.0135227	0.0130632	0.013874	0.0129658	0.0142264	0.0131405	0.0139279	0.0143254	0.0140142	0.0146021	0.0142351	0.0149956	0.0141939	0.0146523	0.0146924	0.0154281	0.0145034	0.0152869
443	0.0152191	0.0151715	0.0154515	0.0156925	0.0156346	0.0157113	0.0144338	0.0149278	0.0154511	0.0144737	0.0142158	0.0143521	0.013827	0.013757	0.0141039	0.0141321	0.0139961	0.0144174	0.0151183	0.0148725	0.0154649	0.0146371	0.0149144	0.0151009	0.0165322	0.0155921	0.0157113
442	0.015499	0.0154011	0.0154695	0.0156367	0.0154202	0.0151428	0.0145809	0.0151666	0.0162688	0.0141697	0.0144542	0.0138808	0.0151716	0.0143989	0.0148365	0.0146352	0.0145115	0.0150265	0.0152453	0.0152383	0.0154939	0.014736	0.0148607	0.0156209	0.0166732	0.0160544	0.0162501
441	0.014899	0.0145755	0.0150016	0.0152377	0.0152383	0.0154214	0.014951	0.0148394	0.015233	0.0134874	0.0144229	0.0137395	0.0147468	0.0137858	0.0146791	0.0142342	0.0145182	0.0149316	0.0146412	0.0143549	0.0154003	0.0147586	0.0149849	0.0150278	0.0159809	0.0155427	0.0160593
440	0.0150514	0.015185	0.0148571	0.014938	0.0146067	0.0151474	0.0155864	0.0153444	0.014892	0.0144388	0.0148071	0.014083	0.0147611	0.0141193	0.0143851	0.0144086	0.0149289	0.0147681	0.0142804	0.0143207	0.0150749	0.0155683	0.0149816	0.0153028	0.0155032	0.0157579	0.0157707
439	0.0145813	0.0158995	0.0139266	0.0139616	0.0139001	0.0149865	0.0157241	0.014969	0.0144798	0.0138769	0.0144848	0.0143392	0.0140776	0.0138002	0.0133929	0.0144525	0.0140601	0.0146936	0.0139979	0.0150332	0.0155533	0.0154424	0.015554	0.0153159	0.0147195	0.0161715	0.0156182
438	0.0154987	0.0158315	0.0147113	0.0151609	0.0148247	0.0153527	0.0150694	0.0160428	0.0147046	0.0135855	0.0150973	0.0147123	0.0151289	0.0140907	0.0137464	0.0146444	0.0140376	0.0145521	0.0146191	0.0159466	0.0163112	0.015703	0.0154577	0.0161578	0.0156007	0.0160401	0.0166655
437	0.0136724	0.0155609	0.0143983	0.0141642	0.0141857	0.0145355	0.0126662	0.0142163	0.0146058	0.0128361	0.0138386	0.0131665	0.0139816	0.0134777	0.0131359	0.0134487	0.0130525	0.0136586	0.0134027	0.0160736	0.0148362	0.0142947	0.0146593	0.0150306	0.0147212	0.0156577	0.0156654
436	0.0144215	0.015663	0.0147658	0.0147264	0.0142214	0.014368	0.0134928	0.0134712	0.0145197	0.0128773	0.0138479	0.0133892	0.013143	0.0136091	0.013554	0.0133825	0.0131201	0.0136411	0.0143095	0.0156095	0.0139477	0.0142392	0.0146646	0.015583	0.0154919	0.0152364	0.0155786
435	0.0151926	0.0163381	0.0162396	0.0167781	0.015706	0.0150773	0.0156654	0.0153631	0.0161807	0.0143731	0.0151449	0.0149253	0.0145103	0.0152962	0.0148883	0.0152088	0.0150796	0.0153073	0.0157467	0.0166063	0.0152807	0.0157097	0.0160933	0.0168097	0.0165539	0.0164406	0.0158799
434	0.0153862	0.0160177	0.0165261	0.0165298	0.0159387	0.0146358	0.015751	0.0154887	0.0155674	0.0146977	0.0150055	0.0152664	0.0145278	0.0146146	0.0143842	0.0147465	0.015445	0.0151612	0.0156525	0.0158869	0.0157618	0.0156602	0.0158475	0.0164585	0.0166539	0.0164992	0.0159652
433	0.0153573	0.0161924	0.0164884	0.016081	0.0155655	0.0148905	0.0155067	0.0149279	0.0151221	0.0144938	0.0146102	0.0156947	0.0148071	0.0145853	0.0145331	0.0141198	0.0156998	0.0150356	0.0162509	0.0161096	0.0152371	0.015825	0.0157748	0.0167774	0.0167498	0.0156214	0.0158848
432	0.0158742	0.0160391	0.0157072	0.0154307	0.0155738	0.0154089	0.0150371	0.0153338	0.015521	0.0139356	0.0147799	0.0152647	0.0151358	0.0147361	0.0144869	0.0136624	0.0144879	0.0152216	0.0156674	0.0158759	0.01529	0.0158392	0.0156072	0.016057	0.0162472	0.0161853	0.0166902
431	0.0160497	0.0155231	0.0149678	0.0152691	0.0159271	0.0149661	0.0148273	0.0152883	0.0151121	0.0141698	0.0147754	0.0146686	0.015291	0.0153388	0.0144226	0.0146292	0.0148907	0.0145904	0.0154123	0.0150682	0.0150747	0.015729	0.0155831	0.0163031	0.0166922	0.0158031	0.0169135
430	0.0157438	0.0159727	0.015035	0.0145653	0.0155985	0.0150347	0.0147784	0.0147686	0.0145599	0.0136212	0.0147055	0.0152313	0.0147005	0.0141538	0.0149504	0.0147666	0.0144664	0.0136847	0.0151625	0.0150441	0.0149807	0.0153122	0.0151753	0.0156666	0.0164268	0.0156666	0.0170279
429	0.0153333	0.0159535	0.0154393	0.0142146	0.0165216	0.0146483	0.0144941	0.0144094	0.0152452	0.0139044	0.0147421	0.0148781	0.0151173	0.0140175	0.0153262	0.0148194	0.0146253	0.0143992	0.0150984	0.0155155	0.0154831	0.0165988	0.0155189	0.0154183	0.0161157	0.0160071	0.0167348
428	0.0166677	0.0168237	0.0171977	0.0164462	0.0172315	0.0166998	0.0164283	0.0164621	0.01622	0.0160366	0.0166825	0.0166106	0.0163253	0.0153477	0.016484	0.0164908	0.0164381	0.0159424	0.0161933	0.0169746	0.0175478	0.0179677	0.0163729	0.0160957	0.0170779	0.017618	0.0180964
427	0.0167757	0.0175348	0.0177179	0.0172392	0.0169676	0.0177152	0.0171402	0.0172666	0.0166507	0.0160449	0.0166548	0.0166159	0.0155556	0.0158493	0.0163135	0.0161007	0.0176628	0.0167754	0.0165625	0.0169301	0.0172308	0.017976	0.017093	0.0164517	0.0172369	0.018567	0.0189692
426	0.0159421	0.016693	0.0174609	0.0161825	0.0166609	0.0162718	0.0163475	0.0163346	0.0155675	0.0144892	0.0161896	0.0152068	0.0153491	0.0149521	0.0154982	0.0150871	0.0155713	0.0152832	0.0158945	0.0162866	0.0162349	0.0168738	0.0161031	0.0159709	0.0163935	0.0177766	0.0176046
425	0.0146175	0.0160945	0.0158891	0.0159328	0.0158854	0.0156695	0.0161276	0.0150419	0.0150507	0.0141782	0.0161554	0.0147021	0.0144442	0.0146476	0.0150463	0.0150121	0.0154922	0.0148077	0.0151322	0.0152242	0.0155031	0.0157402	0.0156509	0.0161056	0.0158668	0.0165333	0.0167481
424	0.0163302	0.0168104	0.0162987	0.0158438	0.0162164	0.016212	0.0162699	0.0156023	0.0161676	0.0150098	0.0160945	0.0159793	0.0156755	0.0157832	0.0156213	0.0155688	0.0151545	0.0160464	0.0156348	0.0154055	0.0164602	0.0166743	0.0164873	0.016954	0.0172632	0.0168964	0.0175307
423	0.0158243	0.0158392	0.015944	0.0152334	0.0155951	0.0157924	0.0148205	0.0147866	0.0149405	0.014043	0.0148764	0.014712	0.0154351	0.0155592	0.0144275	0.0154819	0.0151819	0.0152205	0.0147299	0.0143407	0.0159497	0.015984	0.015228	0.0160494	0.016992	0.0167425	0.0168347
422	0.0154859	0.0155772	0.0162234	0.0155012	0.0154496	0.0157626	0.0150474	0.0160704	0.015751	0.0141077	0.0152168	0.0142224	0.0154466	0.0147164	0.014952	0.0156797	0.0155548	0.0147979	0.014731	0.0139233	0.0155032	0.0157439	0.0156017	0.0156933	0.0161372	0.0168519	0.0168289
421	0.0158926	0.0174638	0.0178905	0.0175128	0.0166587	0.0169556	0.0165591	0.0175624	0.0176658	0.0157987	0.0164666	0.0155144	0.0162711	0.0162231	0.0171191	0.017558	0.0172633	0.0166846	0.0166553	0.0158626	0.0172051	0.0172633	0.0183562	0.0178099	0.0169926	0.0181805	0.0178246
420	0.0182381	0.0198685	0.0186295	0.0187051	0.0183348	0.0188148	0.0188338	0.0191724	0.0197783	0.0172091	0.0182623	0.0177826	0.01836	0.0178276	0.0187289	0.0185242	0.0190028	0.018282	0.0184074	0.0180715	0.0186628	0.0191346	0.0193672	0.018889	0.0196036	0.0203275	0.01964
419	0.0191307	0.0200544	0.0194621	0.0192809	0.018576	0.0189941	0.0189992	0.0201161	0.0198821	0.018023	0.0190731	0.018402	0.0191191	0.0187345	0.0188786	0.0190993	0.0204672	0.0191903	0.0186888	0.0186346	0.0186271	0.0193565	0.0201082	0.0195483	0.021261	0.0207573	0.0206766
418	0.0180844	0.0191571	0.0193551	0.0185871	0.0172671	0.0181688	0.0189192	0.0188906	0.0187936	0.0179683	0.0185888	0.0177481	0.0184234	0.018861	0.0185169	0.0180204	0.019039	0.0193184	0.0184336	0.0187334	0.0178914	0.0190424	0.0192986	0.0190084	0.0201466	0.0198189	0.0211335
417	0.0183998	0.0191297	0.0181667	0.0180391	0.0183437	0.0178713	0.0182998	0.0179952	0.0186615	0.0175181	0.0181528	0.0181123	0.018424	0.0184914	0.0177206	0.0187279	0.0180919	0.0187575	0.0186367	0.0187884	0.0180442	0.0182457	0.0194168	0.0187119	0.019475	0.0198193	0.0202979
416	0.0193178	0.0195312	0.0184341	0.0184283	0.0194696	0.01875	0.0190298	0.0190353	0.0193808	0.0182414	0.018941	0.0189005	0.0186485	0.0191343	0.0182271	0.019409	0.0184007	0.0193781	0.0191527	0.019327	0.0187503	0.020395	0.0196504	0.0202341	0.0199621	0.0213227	0.0203852
415	0.0203563	0.0206744	0.0194114	0.0196196	0.0204401	0.0197936	0.0205579	0.0206727	0.0198665	0.0200038	0.0202616	0.0200038	0.0196686	0.0198818	0.0201451	0.0206264	0.019281	0.0203393	0.0203365	0.019876	0.0205211	0.0214086	0.0206386	0.0220123	0.0210136	0.0219598	0.0206226
414	0.0201176	0.0188482	0.0186935	0.0198061	0.0200309	0.0188862	0.0191253	0.0189832	0.0190267	0.0194083	0.0199371	0.0195286	0.0189864	0.019062	0.019024	0.0191946	0.0187133	0.0202268	0.0196272	0.0187999	0.0198104	0.0202858	0.0203143	0.0214507	0.0204857	0.0203903	0.0205752
413	0.019265	0.0202237	0.0193798	0.0201607	0.0203511	0.0202941	0.0199145	0.0196759	0.0201512	0.0196889	0.0198896	0.0194823	0.0205997	0.0196323	0.0192468	0.0190869	0.019495	0.0211942	0.0206013	0.0190521	0.0206725	0.0213889	0.0204643	0.0220658	0.0210161	0.0204279	0.0213513
412	0.0200032	0.0218212	0.0202063	0.0219063	0.0207501	0.0209927	0.0217792	0.0205799	0.0215904	0.0203222	0.0211906	0.0195005	0.0216157	0.0213921	0.0207311	0.0207675	0.0205942	0.0217309	0.0210133	0.0216387	0.0217119	0.0237211	0.0216807	0.0225823	0.0220943	0.0219371	0.0229401
411	0.0206947	0.0220337	0.0206567	0.0219288	0.0210972	0.0213157	0.0222229	0.0213957	0.0215698	0.0210711	0.0212544	0.0214463	0.0215073	0.0219953	0.0215801	0.0212908	0.0208985	0.0210347	0.0217693	0.0221101	0.02201	0.023218	0.0224612	0.022768	0.0222617	0.0226164	0.0240057
410	0.0197293	0.0202431	0.0206123	0.0205838	0.0205787	0.0212991	0.0210469	0.0208605	0.0209318	0.0203064	0.0202913	0.022211	0.0206559	0.0212318	0.0210438	0.0206135	0.0207723	0.0202688	0.0216474	0.0224038	0.0219447	0.0224244	0.0218291	0.0220666	0.0221675	0.0230636	0.0227905
409	0.0198362	0.0206254	0.0213403	0.0207956	0.020739	0.0209919	0.0213787	0.0213355	0.021085	0.0205847	0.0211214	0.0219609	0.0210478	0.0215445	0.0217935	0.0211519	0.0218801	0.0208186	0.0213838	0.0226995	0.0211649	0.0222459	0.0220963	0.0218042	0.0226536	0.0236403	0.0233272
408	0.0208954	0.0214689	0.0217104	0.0225594	0.0226955	0.0222613	0.0226932	0.0229671	0.0229433	0.0227759	0.0223896	0.0229635	0.0226556	0.0229892	0.0232782	0.0227573	0.0231104	0.022048	0.0227066	0.0230862	0.0222324	0.0230435	0.0233316	0.0220951	0.023784	0.0242839	0.0243449
407	0.0210961	0.0217867	0.0217555	0.0225475	0.0227711	0.0224949	0.0230359	0.0238929	0.0231147	0.0229109	0.0227604	0.0227462	0.0225685	0.0235849	0.0233482	0.022937	0.0225131	0.0230019	0.0231384	0.0233015	0.0223587	0.0235291	0.0234975	0.0224216	0.0239621	0.0243433	0.023881
406	0.0208724	0.0218556	0.0223428	0.0226235	0.0230767	0.0230881	0.0232975	0.0242206	0.0240096	0.023535	0.0230648	0.0239989	0.0234175	0.0245819	0.0243852	0.0238402	0.0232251	0.0237408	0.023571	0.0241628	0.0233731	0.0233771	0.0236553	0.0233644	0.0241188	0.0252718	0.0239566
405	0.0224446	0.0239419	0.0237785	0.0247264	0.023957	0.0244842	0.0256384	0.0258529	0.0265203	0.0254551	0.0249105	0.0261882	0.0262483	0.0261526	0.0264617	0.0259345	0.0253297	0.0251314	0.0247937	0.0254334	0.0246501	0.0245273	0.02545	0.0254116	0.0248808	0.0270202	0.025923
404	0.0217345	0.0246959	0.0236649	0.0252196	0.0241762	0.025161	0.0262119	0.0264423	0.0274904	0.0272094	0.0252699	0.0267843	0.0263342	0.0268223	0.0264807	0.0270285	0.0253102	0.0253704	0.0250565	0.024827	0.0242788	0.0247355	0.0254488	0.0262741	0.0248669	0.0261985	0.0258307
403	0.0225075	0.0256562	0.0238474	0.025471	0.0254346	0.0249659	0.0275035	0.0269359	0.0286046	0.0285457	0.0274208	0.0280216	0.0272106	0.0281847	0.0283038	0.0284993	0.0257631	0.0259365	0.0257061	0.0256602	0.0247997	0.0253439	0.025902	0.0265052	0.0253768	0.0261704	0.0269406
402	0.0211507	0.0245768	0.0228934	0.0241984	0.025163	0.0239597	0.0265678	0.0268452	0.0280406	0.02821	0.0277493	0.0279329	0.0283303	0.0280695	0.0275581	0.0278138	0.0250558	0.0258739	0.024863	0.0257081	0.0251848	0.0252018	0.0253027	0.0249426	0.024734	0.0248266	0.0251017
401	0.0215572	0.0245986	0.0228523	0.0250379	0.0270768	0.0260382	0.0279341	0.0284174	0.0292015	0.0298099	0.0299567	0.0298459	0.0307851	0.0304008	0.0304863	0.029004	0.0268899	0.0270601	0.025697	0.0272802	0.0263037	0.0265337	0.0255228	0.0257991	0.0257425	0.0254523	0.0260754
400	0.0218758	0.0250553	0.0250265	0.0261201	0.0278945	0.0280133	0.0297897	0.0304867	0.0318736	0.0321325	0.032364	0.0329443	0.03362	0.0332083	0.0334248	0.0319184	0.0289802	0.0284605	0.0270835	0.0285698	0.0271421	0.027701	0.0261692	0.0273827	0.0268238	0.0263307	0.0261719
399	0.0244981	0.0265599	0.0280818	0.0286308	0.0296563	0.0321246	0.034256	0.0351292	0.0362094	0.0368728	0.0373327	0.0387434	0.0386733	0.0383563	0.0380824	0.0358856	0.0325734	0.0316678	0.0301792	0.0305029	0.030465	0.0307871	0.0285932	0.0299987	0.0297279	0.0292027	0.0277932
398	0.0256898	0.0273048	0.0282994	0.0289949	0.0305306	0.0345679	0.0369689	0.0380166	0.0398797	0.0404042	0.0426354	0.0421014	0.0432196	0.0419807	0.0419146	0.0391764	0.0355452	0.0319168	0.0312989	0.0308275	0.0318202	0.0311378	0.0299512	0.0300703	0.0303652	0.0297248	0.0293729
397	0.0261011	0.0280813	0.0281858	0.0300466	0.0326985	0.0368545	0.0393296	0.0418058	0.0448697	0.0446449	0.0473258	0.0472221	0.0473768	0.0473487	0.0469719	0.0431092	0.0378041	0.0341377	0.0327832	0.0322603	0.0324519	0.0319239	0.0316678	0.0304903	0.0311525	0.0303968	0.0300762
396	0.0272786	0.0301384	0.0304546	0.0336409	0.0365897	0.0404113	0.0446038	0.0479638	0.0518939	0.0522568	0.0545347	0.0546222	0.0545387	0.0552131	0.0547302	0.0490321	0.0424585	0.0382818	0.0364944	0.03547	0.0351308	0.034431	0.0342414	0.0332051	0.0333532	0.0332819	0.032461
395	0.0278114	0.0302658	0.0321832	0.0360637	0.0411812	0.044278	0.049952	0.0550358	0.0591784	0.0606219	0.0620425	0.0632786	0.0638122	0.0648516	0.062975	0.0567742	0.0478704	0.0437773	0.039155	0.0372163	0.0377135	0.0361639	0.0358832	0.0359596	0.0350314	0.0353303	0.0344919
394	0.0290179	0.0313686	0.0348426	0.0384461	0.0447241	0.0504931	0.057159	0.0637216	0.0693837	0.0703344	0.0726911	0.0732789	0.0751233	0.0760088	0.0737095	0.0652086	0.0535452	0.0477659	0.0427415	0.0402483	0.0397388	0.0390976	0.0378433	0.0378002	0.0371771	0.0382419	0.0366115
393	0.0312466	0.0337375	0.0375551	0.0422004	0.0500715	0.0578283	0.0660964	0.0744465	0.0810162	0.0831294	0.0853117	0.0866306	0.0876461	0.0883015	0.0861616	0.0755124	0.0620579	0.0531703	0.0470495	0.0444996	0.0427264	0.0427858	0.0413668	0.0413284	0.0406709	0.0409694	0.0396739
392	0.0316654	0.0353742	0.0393608	0.0458961	0.054619	0.0658308	0.0746313	0.0843735	0.0920781	0.0945757	0.0965117	0.0986348	0.100122	0.100045	0.0975815	0.0859591	0.0696247	0.0580951	0.0514597	0.0474089	0.0471421	0.0446228	0.0454809	0.0443758	0.0440144	0.0431195	0.0419902
391	0.0332954	0.0382989	0.0435758	0.0514695	0.0616689	0.0749444	0.0865691	0.0963424	0.105383	0.108724	0.11085	0.112395	0.114333	0.115475	0.111962	0.0988741	0.0798822	0.0651294	0.057964	0.0528525	0.0527021	0.0491299	0.0494054	0.049065	0.0492518	0.0471829	0.0461348
390	0.0382965	0.0434326	0.0494917	0.0592441	0.0711656	0.0858879	0.0987651	0.11116	0.121478	0.124101	0.127704	0.129528	0.131495	0.132964	0.129701	0.113168	0.0921867	0.0757072	0.0658673	0.0605424	0.0586108	0.0556367	0.0561892	0.0553446	0.0553521	0.0536493	0.0527757
389	0.0416601	0.0495071	0.0547358	0.0668287	0.0810138	0.0967305	0.111892	0.125083	0.136873	0.140285	0.144609	0.147365	0.149318	0.150268	0.144982	0.12607	0.102492	0.085358	0.074872	0.0673052	0.0647981	0.0626861	0.0629473	0.0620844	0.0610086	0.0594562	0.059704
388	0.0448151	0.0537752	0.0599938	0.0747588	0.0911455	0.107886	0.124166	0.139205	0.153208	0.156155	0.160385	0.163696	0.165767	0.166662	0.16022	0.138604	0.112822	0.0931893	0.0836208	0.0754119	0.0721555	0.0707112	0.0697367	0.0693247	0.0681649	0.0664546	0.0664127
387	0.049046	0.0587141	0.0678103	0.083336	0.102278	0.119873	0.137531	0.153903	0.168377	0.1726	0.175766	0.1803	0.182661	0.182389	0.176439	0.152721	0.123341	0.10224	0.0907484	0.0847267	0.0804977	0.0786377	0.0785831	0.0769445	0.0749416	0.0748688	0.0739834
386	0.055797	0.065169	0.0785891	0.0938639	0.113589	0.133549	0.152861	0.169383	0.184335	0.189497	0.192865	0.19687	0.19879	0.198475	0.191396	0.166113	0.135194	0.112896	0.100294	0.0942962	0.0892338	0.0887445	0.0871214	0.0862763	0.0842856	0.0858365	0.0845076
385	0.0634302	0.0745945	0.0890914	0.106535	0.127105	0.148415	0.169187	0.186026	0.200685	0.20579	0.209203	0.21258	0.21462	0.213463	0.205478	0.179463	0.147335	0.124426	0.110648	0.104232	0.0990764	0.0988282	0.0960831	0.0957627	0.0945028	0.095563	0.0943282
384	0.0727298	0.0853974	0.100497	0.120103	0.141339	0.163858	0.18543	0.202419	0.215537	0.220712	0.223534	0.227217	0.228272	0.226995	0.21801	0.191144	0.158608	0.134818	0.121234	0.115027	0.110415	0.108742	0.106591	0.105777	0.105698	0.105222	0.105604
383	0.0830376	0.0962241	0.112216	0.132219	0.156136	0.179525	0.200225	0.217176	0.22888	0.23291	0.235045	0.238749	0.240573	0.238058	0.228853	0.200947	0.167525	0.143753	0.130217	0.123757	0.119812	0.118214	0.115391	0.11542	0.116077	0.11471	0.116345
382	0.0936644	0.10624	0.123613	0.145127	0.169676	0.193676	0.213577	0.229319	0.239892	0.24287	0.246001	0.2485	0.248545	0.2455	0.236418	0.209568	0.175869	0.151146	0.138907	0.132429	0.127726	0.125959	0.123747	0.124244	0.124588	0.123965	0.125103
381	0.106239	0.119713	0.13742	0.160689	0.184191	0.207214	0.22676	0.241262	0.25098	0.253458	0.255393	0.256667	0.257725	0.253629	0.243771	0.217162	0.184762	0.15913	0.147616	0.140955	0.136093	0.134072	0.132465	0.132383	0.133025	0.133115	0.133666
380	0.117939	0.132175	0.151329	0.174449	0.197106	0.219436	0.237818	0.249755	0.258405	0.259823	0.261849	0.26121	0.262519	0.257769	0.24809	0.221593	0.190671	0.166414	0.153388	0.146503	0.142449	0.140238	0.138333	0.138025	0.138575	0.139565	0.139924
379	0.131864	0.145941	0.165216	0.187604	0.209067	0.230872	0.247241	0.25747	0.26422	0.265838	0.266975	0.265333	0.265538	0.261	0.251119	0.225604	0.195039	0.171394	0.158212	0.151155	0.147532	0.145468	0.143497	0.142895	0.14291	0.14361	0.144292
378	0.147305	0.16159	0.179749	0.200729	0.221811	0.241189	0.256475	0.264166	0.269309	0.270678	0.270895	0.269135	0.267464	0.263989	0.25417	0.229391	0.198133	0.175405	0.163167	0.15555	0.15175	0.149556	0.148394	0.147675	0.147677	0.147605	0.148717
377	0.163473	0.178342	0.194503	0.21374	0.234053	0.250747	0.263565	0.270459	0.273836	0.274276	0.273885	0.272292	0.270669	0.266711	0.256318	0.231955	0.201273	0.178496	0.166882	0.159044	0.155056	0.15338	0.151674	0.150324	0.151249	0.151205	0.151562
376	0.179745	0.194394	0.210229	0.227176	0.244735	0.259276	0.269949	0.275788	0.277264	0.276893	0.276431	0.274639	0.272753	0.270155	0.257828	0.234828	0.203373	0.181192	0.169154	0.160378	0.157961	0.155759	0.153902	0.153301	0.153091	0.153019	0.153525
375	0.195687	0.209178	0.223761	0.23931	0.254386	0.266587	0.275276	0.280006	0.280066	0.279621	0.278439	0.277773	0.27446	0.270779	0.259978	0.235887	0.204834	0.182945	0.169954	0.162221	0.158945	0.156199	0.154551	0.154314	0.153628	0.153461	0.153195
374	0.212356	0.225438	0.23848	0.25161	0.265218	0.274976	0.282706	0.286186	0.285181	0.284596	0.282955	0.281947	0.278523	0.275415	0.264669	0.239605	0.208241	0.186835	0.173094	0.165838	0.161551	0.158276	0.157092	0.156523	0.155635	0.155592	0.15542
373	0.229269	0.239764	0.251449	0.264136	0.275465	0.283794	0.289464	0.292042	0.291647	0.290441	0.289396	0.288723	0.284224	0.281024	0.270659	0.244623	0.213027	0.190567	0.176515	0.168671	0.164692	0.16138	0.159459	0.158622	0.157846	0.157709	0.157054
372	0.243394	0.252187	0.264451	0.274963	0.283481	0.291713	0.295414	0.298223	0.298197	0.296998	0.295661	0.294627	0.291816	0.288444	0.27764	0.250858	0.21725	0.193946	0.179668	0.171587	0.167574	0.163453	0.162249	0.161579	0.159826	0.159351	0.158931
371	0.256317	0.264453	0.27502	0.285099	0.292736	0.300279	0.303661	0.306158	0.306846	0.30538	0.304433	0.30332	0.300644	0.297008	0.285941	0.257616	0.222713	0.198758	0.183712	0.174574	0.169595	0.166815	0.164841	0.16388	0.162337	0.161663	0.160702
370	0.265699	0.274161	0.28356	0.292199	0.300997	0.307329	0.311601	0.313876	0.313885	0.313422	0.312907	0.311871	0.309288	0.305834	0.293627	0.264175	0.227701	0.202009	0.186509	0.177854	0.17231	0.169048	0.167341	0.165663	0.163825	0.163615	0.162364
369	0.274287	0.28264	0.291505	0.300463	0.309757	0.316117	0.319718	0.3221	0.32271	0.322524	0.322958	0.321559	0.318873	0.315095	0.302851	0.272779	0.234348	0.206746	0.190986	0.181552	0.175661	0.173071	0.170712	0.168709	0.166988	0.166703	0.166135
368	0.282853	0.291804	0.300239	0.308955	0.317692	0.32492	0.328828	0.331398	0.332876	0.333165	0.333116	0.331773	0.329971	0.325909	0.313782	0.282888	0.243296	0.212524	0.196412	0.186502	0.181556	0.177897	0.175554	0.173225	0.17216	0.170713	0.17072
367	0.292375	0.30071	0.309637	0.318408	0.326475	0.334523	0.33956	0.342205	0.344137	0.344689	0.344496	0.344255	0.342175	0.337861	0.324471	0.29329	0.252143	0.221473	0.203529	0.193359	0.188072	0.183974	0.181501	0.17957	0.178452	0.176416	0.175826
366	0.302239	0.310068	0.319081	0.328446	0.336751	0.344846	0.351432	0.353618	0.354407	0.356758	0.355674	0.355239	0.353935	0.349458	0.335535	0.302936	0.261654	0.231132	0.212796	0.20209	0.196653	0.192923	0.189656	0.188008	0.18575	0.185034	0.18446
365	0.310965	0.319042	0.328131	0.338489	0.346748	0.355211	0.362224	0.364966	0.364788	0.366123	0.365772	0.364974	0.364345	0.359613	0.345591	0.312968	0.271027	0.241385	0.22348	0.212061	0.205787	0.20313	0.199725	0.197604	0.194922	0.195182	0.194155
364	0.320386	0.328768	0.337847	0.348104	0.357364	0.365492	0.371697	0.3744	0.374034	0.375335	0.374433	0.37311	0.372454	0.367171	0.353676	0.322375	0.281456	0.252215	0.234167	0.223594	0.216632	0.213631	0.21023	0.208171	0.206878	0.206478	0.205125
363	0.329733	0.338987	0.347288	0.358793	0.368742	0.376102	0.381452	0.38282	0.382171	0.382986	0.381593	0.378865	0.377561	0.372686	0.359749	0.330214	0.292196	0.262975	0.245692	0.236021	0.228274	0.224911	0.221861	0.220294	0.218524	0.218523	0.217757
362	0.339647	0.349697	0.358735	0.370063	0.380497	0.385839	0.389897	0.390761	0.388713	0.389261	0.386965	0.38401	0.38224	0.377508	0.365129	0.337327	0.302699	0.274577	0.257715	0.248957	0.241619	0.23795	0.236009	0.233605	0.231984	0.232384	0.231959
361	0.350483	0.361147	0.370658	0.380574	0.390783	0.394862	0.398147	0.397074	0.393926	0.392421	0.390978	0.388209	0.385104	0.380413	0.369226	0.34442	0.312734	0.285949	0.27023	0.261703	0.255789	0.251699	0.249975	0.247441	0.245626	0.247021	0.246613
360	0.361972	0.372593	0.381692	0.39088	0.399208	0.40269	0.403236	0.401085	0.396755	0.393166	0.39157	0.388294	0.386063	0.38094	0.370298	0.348306	0.320146	0.296554	0.281327	0.273058	0.268241	0.263864	0.263	0.259696	0.258447	0.259533	0.259004
359	0.374315	0.385204	0.392319	0.400259	0.407574	0.408399	0.406817	0.403463	0.396963	0.393056	0.39045	0.386632	0.385107	0.379387	0.370547	0.351488	0.325965	0.306348	0.29298	0.285181	0.279693	0.27643	0.274627	0.271331	0.271523	0.271269	0.271124
358	0.387662	0.396075	0.402496	0.4084	0.412594	0.411827	0.409043	0.403309	0.395383	0.391727	0.387987	0.383913	0.381106	0.376326	0.369408	0.352757	0.330773	0.313882	0.301768	0.295335	0.290178	0.286298	0.284755	0.281772	0.282354	0.281479	0.281882
357	0.400126	0.40719	0.411776	0.415786	0.417525	0.41513	0.410412	0.402278	0.392895	0.388596	0.3845	0.380307	0.377828	0.372179	0.366341	0.354073	0.335927	0.320973	0.310283	0.303456	0.299726	0.295087	0.293046	0.29102	0.29093	0.291282	0.290441
356	0.41028	0.417346	0.420769	0.42281	0.422119	0.416943	0.41081	0.400289	0.390329	0.385688	0.381437	0.378001	0.373625	0.368986	0.363781	0.354802	0.33978	0.327786	0.3186	0.311818	0.30793	0.304297	0.301787	0.300587	0.300377	0.300163	0.299479
355	0.420075	0.426301	0.4286	0.429202	0.425147	0.418217	0.409408	0.398572	0.386954	0.382674	0.37842	0.375214	0.370378	0.366616	0.361922	0.355559	0.343851	0.334981	0.326862	0.320039	0.317219	0.313329	0.310416	0.309198	0.309158	0.308228	0.308276
354	0.42843	0.433555	0.435388	0.433153	0.428324	0.418575	0.408354	0.39704	0.385193	0.380089	0.375814	0.372981	0.368249	0.365178	0.361434	0.357725	0.349067	0.341873	0.334854	0.328568	0.325403	0.321432	0.318751	0.318904	0.317004	0.31641	0.316841
353	0.433875	0.438415	0.438523	0.435427	0.429739	0.418344	0.406293	0.394269	0.382797	0.377272	0.373129	0.369245	0.366536	0.362294	0.360696	0.359251	0.353496	0.346939	0.340656	0.336078	0.33249	0.32823	0.325995	0.325611	0.324557	0.324524	0.324682
352	0.437962	0.442128	0.439825	0.436219	0.429633	0.417209	0.404737	0.392775	0.379901	0.375012	0.371475	0.366667	0.363853	0.360581	0.359142	0.361043	0.357755	0.352314	0.346569	0.342469	0.339404	0.335359	0.333053	0.333094	0.331798	0.332045	0.331938
351	0.440039	0.442755	0.440125	0.436024	0.427381	0.415114	0.401962	0.389019	0.376034	0.371604	0.368974	0.363837	0.361219	0.358163	0.358909	0.361479	0.360723	0.356995	0.352103	0.348826	0.345032	0.341839	0.340341	0.33907	0.338937	0.338718	0.338149
350	0.439809	0.4431	0.440299	0.436084	0.425331	0.412736	0.399735	0.386781	0.374012	0.370134	0.366199	0.361965	0.358976	0.357031	0.358339	0.362438	0.364735	0.36251	0.359025	0.35533	0.351174	0.34915	0.34722	0.345872	0.345335	0.345604	0.345212
349	0.439247	0.442661	0.439067	0.433533	0.423309	0.410677	0.396841	0.383858	0.371484	0.366969	0.363549	0.359525	0.355817	0.353639	0.356254	0.362361	0.367683	0.367472	0.365558	0.361985	0.358396	0.356163	0.353863	0.352627	0.351799	0.35266	0.352001
348	0.438622	0.441578	0.437868	0.431557	0.421663	0.408484	0.394645	0.382505	0.368728	0.364632	0.360699	0.357381	0.353952	0.352012	0.354997	0.363048	0.370934	0.372182	0.370837	0.368218	0.365479	0.363341	0.36056	0.3601	0.358886	0.359332	0.35919
347	0.437404	0.438975	0.434745	0.42957	0.419165	0.405675	0.390552	0.379292	0.365757	0.361127	0.356891	0.354039	0.35	0.349034	0.352458	0.361643	0.371973	0.376167	0.374833	0.373942	0.371424	0.368248	0.366308	0.365856	0.365379	0.366017	0.365534
346	0.435985	0.437679	0.433412	0.427586	0.415771	0.402867	0.388147	0.375429	0.362814	0.357547	0.353032	0.349727	0.345831	0.345999	0.349491	0.361931	0.373949	0.378977	0.379042	0.378399	0.37643	0.374232	0.372369	0.371879	0.372247	0.372365	0.37252
345	0.434357	0.436299	0.431928	0.424974	0.413228	0.399718	0.385204	0.371243	0.358065	0.35336	0.349165	0.345319	0.341393	0.341282	0.346074	0.359622	0.375621	0.381281	0.382607	0.381891	0.379859	0.378614	0.377073	0.376796	0.377891	0.377642	0.377956
344	0.432766	0.433712	0.429635	0.421948	0.409975	0.39617	0.380742	0.36643	0.352907	0.348858	0.34383	0.339331	0.337744	0.336698	0.342421	0.357015	0.374938	0.382379	0.384372	0.38421	0.382965	0.381365	0.379864	0.379113	0.381348	0.381436	0.382374
343	0.429311	0.430229	0.425713	0.41763	0.405858	0.390682	0.375182	0.360297	0.347479	0.342001	0.33737	0.333416	0.331872	0.330398	0.336997	0.352996	0.372188	0.381329	0.384139	0.384312	0.384349	0.381995	0.382019	0.380428	0.382452	0.382386	0.382796
342	0.427439	0.427923	0.421888	0.414874	0.400949	0.386504	0.370202	0.354662	0.340739	0.335015	0.331704	0.328049	0.32538	0.324988	0.331587	0.349662	0.370161	0.379268	0.383481	0.384168	0.384097	0.382994	0.382603	0.380958	0.382247	0.382664	0.383577
341	0.42562	0.42611	0.419383	0.411174	0.397577	0.38274	0.365821	0.350473	0.33599	0.329655	0.326796	0.323475	0.320351	0.32002	0.326235	0.345871	0.367892	0.377776	0.382807	0.383153	0.382838	0.382373	0.381516	0.381043	0.382279	0.382404	0.383848
340	0.423538	0.423746	0.417381	0.407082	0.393621	0.378681	0.360945	0.345524	0.33139	0.325187	0.321497	0.318023	0.315237	0.315004	0.321631	0.341908	0.364546	0.37527	0.379364	0.381267	0.380788	0.38062	0.379477	0.378671	0.379654	0.380249	0.381371
339	0.422199	0.42094	0.414641	0.403499	0.389568	0.374092	0.356067	0.340403	0.326247	0.321223	0.31679	0.313856	0.310722	0.310509	0.317495	0.337574	0.360519	0.372356	0.37626	0.378523	0.378127	0.378421	0.376375	0.375593	0.376574	0.377543	0.378868
338	0.41947	0.417493	0.410064	0.399592	0.384634	0.369447	0.35125	0.334454	0.321402	0.317299	0.312306	0.309374	0.306991	0.305514	0.313484	0.333654	0.355784	0.367745	0.373449	0.374277	0.374512	0.374952	0.373051	0.372012	0.3729	0.374242	0.374871
337	0.41533	0.412689	0.40556	0.395992	0.380546	0.363628	0.346427	0.330152	0.317104	0.313299	0.308226	0.304929	0.303059	0.302062	0.309484	0.329434	0.350662	0.36326	0.369617	0.369059	0.369746	0.370379	0.368574	0.367829	0.368592	0.370305	0.370547
336	0.41028	0.407807	0.400282	0.390253	0.374541	0.357857	0.341502	0.32629	0.313448	0.309054	0.304669	0.301192	0.299871	0.299078	0.304987	0.325168	0.346163	0.357999	0.364121	0.364047	0.364618	0.365461	0.363565	0.362681	0.363652	0.364487	0.365557
335	0.405359	0.403085	0.396007	0.385313	0.368663	0.353635	0.336896	0.323047	0.31053	0.305984	0.302161	0.298185	0.296733	0.296678	0.302651	0.32183	0.341799	0.35326	0.357984	0.358837	0.359229	0.358934	0.358333	0.357456	0.358646	0.359591	0.360113
334	0.399647	0.397309	0.389865	0.380046	0.364046	0.348906	0.333038	0.319486	0.308006	0.304062	0.300085	0.29687	0.295237	0.294894	0.300556	0.318767	0.33619	0.348289	0.352309	0.354152	0.354481	0.353515	0.352069	0.351748	0.353381	0.353479	0.35434
333	0.393293	0.39074	0.384481	0.373554	0.359323	0.344834	0.330386	0.316987	0.306459	0.301502	0.298411	0.295261	0.293194	0.29359	0.297907	0.315784	0.331221	0.342208	0.345193	0.347262	0.347664	0.346221	0.345184	0.345391	0.34568	0.346085	0.348253
332	0.388497	0.385946	0.379168	0.367889	0.355373	0.341052	0.327637	0.315526	0.305681	0.300413	0.29808	0.294533	0.292638	0.292801	0.296861	0.312454	0.327674	0.336878	0.339288	0.340108	0.341209	0.338915	0.338542	0.338523	0.339378	0.339819	0.341228
331	0.382514	0.38081	0.3747	0.36379	0.351735	0.339201	0.32594	0.314485	0.305004	0.301223	0.298338	0.294695	0.29283	0.292896	0.296714	0.309744	0.3229	0.330626	0.332366	0.332847	0.333963	0.331866	0.332185	0.332149	0.332755	0.332834	0.333767
330	0.377354	0.375242	0.369499	0.359707	0.347697	0.336813	0.324263	0.313245	0.304195	0.301117	0.29782	0.294795	0.292701	0.293501	0.296341	0.306857	0.317246	0.323563	0.325677	0.326	0.325873	0.324297	0.324054	0.324105	0.324402	0.325264	0.325078
329	0.373793	0.37175	0.366692	0.358834	0.346613	0.337114	0.325305	0.315049	0.307347	0.303482	0.301698	0.296982	0.295281	0.296513	0.29836	0.306671	0.314519	0.318757	0.320088	0.319591	0.31891	0.318631	0.317089	0.316775	0.317707	0.318018	0.318353
328	0.371372	0.369199	0.364109	0.357597	0.34624	0.337323	0.326818	0.317445	0.309868	0.307142	0.305332	0.301875	0.298996	0.299739	0.300537	0.306401	0.312537	0.314303	0.31467	0.313439	0.312059	0.311866	0.310094	0.309249	0.310182	0.311279	0.311085
327	0.368821	0.367314	0.363045	0.355299	0.346501	0.338059	0.328827	0.321274	0.31319	0.311265	0.308627	0.306047	0.30294	0.302421	0.302799	0.306095	0.309519	0.309127	0.307525	0.306539	0.305402	0.305182	0.303364	0.30178	0.302852	0.303437	0.304156
326	0.367092	0.365608	0.361835	0.354421	0.34774	0.33984	0.331457	0.324838	0.316866	0.316428	0.312681	0.310616	0.307895	0.306701	0.306016	0.306848	0.306151	0.304015	0.30263	0.300211	0.29892	0.29739	0.296742	0.295012	0.295442	0.296251	0.296586
325	0.366478	0.364867	0.362146	0.355148	0.349521	0.342661	0.335723	0.330005	0.323115	0.321415	0.31875	0.317004	0.314075	0.31335	0.311492	0.308919	0.304411	0.301133	0.29723	0.294665	0.292452	0.291922	0.289721	0.288918	0.28918	0.289082	0.289415
324	0.366667	0.365984	0.362881	0.357852	0.354119	0.34805	0.341017	0.336122	0.330711	0.328424	0.32686	0.3255	0.323386	0.321855	0.318336	0.313014	0.304667	0.299155	0.293765	0.291205	0.289026	0.287165	0.285073	0.283922	0.283367	0.284779	0.284963
323	0.369069	0.368438	0.366343	0.362131	0.359865	0.354548	0.349639	0.344455	0.340295	0.338236	0.336991	0.335505	0.333721	0.331822	0.327428	0.31897	0.306902	0.298793	0.292135	0.288031	0.286314	0.283817	0.282901	0.280809	0.279797	0.281081	0.281089
322	0.371851	0.372329	0.371083	0.368012	0.365094	0.361745	0.35871	0.354824	0.350763	0.349728	0.347863	0.346324	0.345055	0.34214	0.336894	0.325674	0.310346	0.298593	0.291011	0.286856	0.283707	0.281035	0.279646	0.277888	0.277921	0.277888	0.2779
321	0.376338	0.378259	0.376752	0.3754	0.373285	0.369987	0.368566	0.365561	0.362873	0.361098	0.359722	0.358639	0.357593	0.353922	0.347616	0.332875	0.314374	0.2997	0.290296	0.286475	0.282544	0.280175	0.277891	0.277203	0.276668	0.275434	0.275894
320	0.382267	0.3853	0.384498	0.384531	0.383506	0.381766	0.380648	0.378711	0.376324	0.374624	0.373702	0.372053	0.37034	0.367866	0.35947	0.341818	0.319085	0.303325	0.293055	0.287493	0.283493	0.281097	0.278992	0.277914	0.277238	0.275297	0.275482
319	0.390066	0.392187	0.393164	0.394455	0.393649	0.393793	0.394053	0.39201	0.389998	0.388856	0.388526	0.386471	0.384852	0.381883	0.373141	0.352942	0.326365	0.306735	0.295547	0.288354	0.284983	0.282296	0.280021	0.2782	0.278031	0.276238	0.275712
318	0.399329	0.402006	0.403625	0.405444	0.406293	0.40698	0.407252	0.406593	0.405594	0.404278	0.40526	0.402502	0.400844	0.397105	0.387055	0.36395	0.334247	0.311979	0.300418	0.292446	0.287982	0.284516	0.282242	0.28047	0.280556	0.279521	0.278768
317	0.409265	0.413685	0.415006	0.417413	0.420093	0.421883	0.422037	0.422865	0.42183	0.420294	0.420874	0.418423	0.417023	0.41335	0.402193	0.375324	0.342632	0.319057	0.305595	0.297033	0.292512	0.288197	0.285982	0.284614	0.284429	0.282662	0.282853
316	0.422558	0.427408	0.429579	0.431674	0.43564	0.438507	0.439227	0.440647	0.439958	0.438537	0.43876	0.436906	0.436171	0.430872	0.418862	0.38918	0.353942	0.328361	0.312523	0.303864	0.298182	0.293884	0.292408	0.291493	0.28991	0.288623	0.289125
315	0.436292	0.441764	0.444696	0.447538	0.45228	0.455778	0.457812	0.458807	0.45934	0.458417	0.457415	0.456252	0.455384	0.449197	0.436313	0.404102	0.365475	0.33797	0.321148	0.311669	0.305264	0.30126	0.300158	0.29859	0.296678	0.295471	0.295755
314	0.454178	0.459421	0.463592	0.466991	0.471987	0.476314	0.478619	0.479189	0.480515	0.479699	0.478817	0.478247	0.475816	0.468852	0.455387	0.421158	0.379378	0.350702	0.332341	0.321853	0.316346	0.31176	0.309616	0.308048	0.307115	0.306118	0.306417
313	0.470617	0.476454	0.481501	0.485828	0.49058	0.496944	0.498617	0.49932	0.499425	0.499213	0.498568	0.498054	0.49478	0.489135	0.473387	0.436401	0.392215	0.362453	0.343228	0.332497	0.326289	0.321836	0.319577	0.318661	0.316368	0.315475	0.315581
312	0.489911	0.49554	0.50121	0.506449	0.511539	0.51674	0.520192	0.520408	0.520235	0.519509	0.519475	0.518575	0.515127	0.509702	0.492011	0.454244	0.406656	0.375816	0.355373	0.344148	0.338664	0.333941	0.331285	0.330284	0.328037	0.326547	0.327311
311	0.510298	0.517238	0.522656	0.5288	0.533804	0.538121	0.54111	0.542452	0.542285	0.541008	0.541077	0.539423	0.535718	0.530617	0.512204	0.472828	0.42254	0.390257	0.368244	0.356841	0.351491	0.346625	0.344114	0.342042	0.340515	0.339634	0.339681
310	0.533127	0.540904	0.545757	0.552114	0.556901	0.561311	0.564066	0.566122	0.564974	0.56351	0.56313	0.561209	0.557031	0.551983	0.533619	0.491696	0.439873	0.405902	0.383767	0.37152	0.365395	0.360297	0.35836	0.356171	0.354986	0.353777	0.354513
309	0.555648	0.563653	0.569138	0.574855	0.57935	0.584101	0.586662	0.587129	0.586959	0.584687	0.584868	0.58161	0.578054	0.572435	0.553545	0.509786	0.456399	0.419754	0.398283	0.385527	0.380057	0.374128	0.371165	0.370446	0.368449	0.367257	0.36798
308	0.577869	0.585798	0.59231	0.597311	0.602398	0.607048	0.607223	0.607542	0.607007	0.605251	0.605012	0.601555	0.597984	0.592318	0.572153	0.527059	0.472427	0.433855	0.412438	0.399227	0.39234	0.386865	0.384267	0.38282	0.380705	0.380657	0.380252
307	0.601803	0.609517	0.615876	0.62117	0.625469	0.630213	0.628808	0.628584	0.626892	0.626363	0.62502	0.621556	0.618687	0.611411	0.591136	0.544308	0.488687	0.448996	0.426808	0.41349	0.406985	0.401429	0.397645	0.39585	0.39537	0.393908	0.393583
306	0.6273	0.634685	0.64011	0.645757	0.649231	0.652066	0.650473	0.64878	0.646628	0.646488	0.643545	0.640613	0.637069	0.630098	0.609414	0.561987	0.505476	0.464713	0.442694	0.427854	0.421195	0.415993	0.411938	0.409631	0.410056	0.407855	0.407835
305	0.652406	0.660141	0.665394	0.66981	0.672631	0.673675	0.673216	0.669419	0.666247	0.665671	0.663023	0.659689	0.655452	0.647729	0.628876	0.579883	0.522366	0.48195	0.458383	0.444292	0.436687	0.431922	0.427526	0.42516	0.424239	0.423631	0.421773
304	0.679076	0.685651	0.691365	0.694491	0.695817	0.695834	0.694399	0.688992	0.684924	0.683787	0.68126	0.678282	0.673612	0.665924	0.646386	0.597404	0.539275	0.499616	0.475029	0.460385	0.452504	0.447314	0.444837	0.44123	0.439265	0.438908	0.437651
303	0.703578	0.711645	0.714941	0.717936	0.717509	0.716539	0.712572	0.708322	0.701941	0.699885	0.696918	0.693976	0.689388	0.681568	0.661505	0.612561	0.554772	0.515103	0.490195	0.476242	0.467521	0.462904	0.459964	0.45678	0.455066	0.454762	0.453737
302	0.728115	0.734936	0.737412	0.739402	0.737356	0.735206	0.729541	0.724941	0.716966	0.715319	0.711735	0.708521	0.704427	0.696281	0.676364	0.627056	0.570242	0.530032	0.505768	0.491616	0.482836	0.477635	0.474758	0.471856	0.470441	0.469805	0.469068
301	0.751091	0.756972	0.7594	0.758876	0.75621	0.751256	0.745373	0.740329	0.731272	0.728954	0.725849	0.721862	0.717597	0.708919	0.688792	0.640703	0.585185	0.544783	0.521142	0.506511	0.498234	0.493026	0.489695	0.487714	0.485944	0.484862	0.484536
300	0.772387	0.776149	0.778465	0.77642	0.772766	0.766928	0.758871	0.752123	0.743626	0.740303	0.738055	0.733791	0.729393	0.721217	0.701541	0.653572	0.599637	0.560528	0.535928	0.522034	0.514193	0.508389	0.505064	0.503481	0.502284	0.500102	0.500159
299	0.790374	0.795785	0.795308	0.793218	0.787727	0.780992	0.770716	0.762828	0.754278	0.751046	0.747755	0.744393	0.739442	0.732177	0.711406	0.665201	0.613203	0.574312	0.550153	0.537974	0.529966	0.5233	0.519903	0.519425	0.517519	0.515182	0.515787
298	0.807826	0.812304	0.810812	0.806988	0.801309	0.792922	0.782224	0.772928	0.764417	0.760888	0.75718	0.752969	0.748055	0.740577	0.72137	0.677667	0.626878	0.590489	0.565735	0.553119	0.545476	0.539852	0.536335	0.534842	0.532866	0.532204	0.530488
297	0.821503	0.825899	0.824415	0.819237	0.810878	0.80195	0.789998	0.780944	0.771854	0.768007	0.764846	0.760373	0.754653	0.74805	0.729537	0.687144	0.639588	0.603855	0.580888	0.568158	0.559445	0.554533	0.551392	0.549513	0.547937	0.546678	0.546344
296	0.833703	0.836749	0.834862	0.829539	0.819792	0.809163	0.798158	0.788402	0.778143	0.773938	0.771305	0.766587	0.760907	0.754182	0.737166	0.696732	0.650315	0.616641	0.594164	0.582075	0.573647	0.568612	0.565931	0.563669	0.562278	0.561629	0.561189
295	0.844059	0.847471	0.843256	0.837436	0.826597	0.815611	0.804706	0.792828	0.783687	0.780374	0.775363	0.771752	0.766408	0.759231	0.74257	0.705193	0.660653	0.62832	0.606634	0.595982	0.586913	0.582539	0.580054	0.577657	0.575982	0.57585	0.575991
294	0.850933	0.853263	0.84836	0.842646	0.83127	0.819476	0.807263	0.796025	0.786283	0.781971	0.777196	0.774021	0.768415	0.760788	0.746532	0.711051	0.66859	0.638509	0.617088	0.606811	0.598188	0.59509	0.591615	0.589515	0.588222	0.587903	0.588116
293	0.854639	0.85655	0.852489	0.84484	0.833265	0.821656	0.807421	0.795672	0.786006	0.780775	0.776021	0.773946	0.767628	0.761073	0.74775	0.714191	0.674605	0.64614	0.626029	0.616031	0.608205	0.605397	0.601683	0.599539	0.598559	0.597345	0.598294
292	0.858	0.858468	0.854153	0.84751	0.833974	0.821064	0.807025	0.794872	0.783226	0.779936	0.774687	0.771875	0.766608	0.760817	0.747667	0.716302	0.680181	0.652251	0.635118	0.625795	0.617566	0.613924	0.611262	0.609553	0.608846	0.607599	0.60818
291	0.859243	0.858896	0.853237	0.845738	0.831482	0.819316	0.805066	0.7928	0.780438	0.776375	0.772277	0.768684	0.764301	0.758188	0.746055	0.716447	0.684898	0.657867	0.642042	0.633002	0.625805	0.62163	0.6195	0.61718	0.617605	0.615874	0.616562
290	0.85834	0.858245	0.851677	0.842862	0.828706	0.815502	0.801056	0.789197	0.776748	0.77371	0.769256	0.764774	0.761108	0.75591	0.744782	0.717765	0.687376	0.662905	0.64835	0.640073	0.633789	0.629421	0.62748	0.62466	0.624549	0.623296	0.623482
289	0.855489	0.854697	0.848243	0.837775	0.824443	0.810158	0.795125	0.782403	0.771598	0.767949	0.762873	0.759782	0.755029	0.750541	0.740861	0.715903	0.68875	0.666209	0.652935	0.644032	0.638795	0.633986	0.632484	0.630496	0.63033	0.628882	0.629748
288	0.850345	0.849233	0.842896	0.831534	0.818042	0.803286	0.787783	0.775439	0.764321	0.76137	0.756021	0.752949	0.749279	0.743115	0.73399	0.71327	0.687707	0.667536	0.654194	0.645604	0.642042	0.637671	0.635692	0.634122	0.633478	0.634081	0.633959
287	0.842572	0.84166	0.834575	0.824011	0.809163	0.794782	0.780633	0.766357	0.756191	0.752888	0.748536	0.747326	0.740323	0.736086	0.727145	0.708797	0.685859	0.666937	0.654912	0.647336	0.644187	0.640226	0.637969	0.63604	0.636005	0.636763	0.63579
286	0.832909	0.832167	0.823717	0.814014	0.799807	0.785148	0.771207	0.758355	0.747618	0.744589	0.740396	0.737852	0.732003	0.728766	0.72017	0.703504	0.682724	0.664577	0.654387	0.647477	0.644015	0.640422	0.638104	0.637178	0.636635	0.637052	0.637078
285	0.821781	0.821335	0.812274	0.8027	0.789362	0.774322	0.761354	0.748403	0.738796	0.734828	0.731963	0.72849	0.723439	0.719961	0.712426	0.697094	0.678259	0.661799	0.651752	0.64559	0.641545	0.638885	0.636317	0.636189	0.635137	0.634642	0.636342
284	0.808364	0.807686	0.799313	0.789122	0.777984	0.761855	0.74916	0.737339	0.72796	0.72451	0.721381	0.717705	0.714084	0.709192	0.703886	0.68927	0.671138	0.657387	0.646957	0.642052	0.637258	0.634453	0.632815	0.631468	0.631563	0.631113	0.632303
283	0.794115	0.793356	0.785709	0.7759	0.764469	0.749903	0.736987	0.726477	0.716312	0.713353	0.711119	0.707616	0.704318	0.699098	0.693233	0.681244	0.66351	0.650867	0.640565	0.636302	0.63207	0.629246	0.626709	0.62707	0.626505	0.625553	0.627074
282	0.779405	0.77774	0.772159	0.761421	0.751116	0.737905	0.725496	0.714002	0.704757	0.703104	0.70027	0.697236	0.694809	0.68897	0.683173	0.671655	0.655605	0.642987	0.633921	0.629288	0.625783	0.623096	0.620968	0.62173	0.620523	0.618969	0.621529
281	0.764643	0.762312	0.757082	0.747808	0.737221	0.725533	0.713052	0.702237	0.693816	0.691469	0.689903	0.685985	0.683104	0.679279	0.674105	0.662688	0.647369	0.635132	0.626297	0.621898	0.617865	0.616727	0.613745	0.613866	0.61255	0.611769	0.615468
280	0.749267	0.7462	0.741632	0.733485	0.723554	0.711975	0.700997	0.691149	0.682443	0.680155	0.678476	0.675504	0.672024	0.668882	0.664435	0.652482	0.637631	0.626322	0.618234	0.613528	0.609858	0.608581	0.605828	0.604678	0.604986	0.6047	0.607113
279	0.732522	0.731802	0.72668	0.719582	0.709873	0.697983	0.688938	0.679855	0.671728	0.669194	0.667347	0.664464	0.661662	0.659641	0.654669	0.642575	0.62756	0.617208	0.609841	0.605776	0.601704	0.600353	0.597189	0.596118	0.597018	0.597876	0.597776
278	0.718365	0.717757	0.712805	0.706994	0.697139	0.686604	0.67843	0.668956	0.662412	0.659541	0.656961	0.65486	0.652638	0.650268	0.645552	0.633826	0.618862	0.608031	0.601362	0.596528	0.593576	0.59182	0.589137	0.588051	0.588379	0.589688	0.590221
277	0.704366	0.70419	0.698511	0.693521	0.685295	0.675277	0.666949	0.658593	0.652854	0.649594	0.647396	0.645794	0.643722	0.641571	0.635065	0.624593	0.609417	0.598432	0.592516	0.587339	0.585445	0.58274	0.580765	0.57911	0.579411	0.580206	0.580821
276	0.688827	0.688883	0.68362	0.678369	0.670906	0.6619	0.654067	0.647886	0.640861	0.638914	0.637308	0.635379	0.632897	0.629772	0.623531	0.612925	0.599177	0.588245	0.581753	0.57657	0.574775	0.571335	0.569962	0.568719	0.569004	0.568791	0.569625
275	0.672819	0.674097	0.670015	0.664155	0.657357	0.650437	0.642487	0.637485	0.629554	0.628659	0.626951	0.624234	0.6226	0.619598	0.613694	0.603919	0.588312	0.576889	0.570143	0.566404	0.564014	0.561778	0.559693	0.558306	0.558867	0.557761	0.559908
274	0.658757	0.660357	0.657157	0.651877	0.645564	0.639559	0.632288	0.626976	0.6195	0.620032	0.618463	0.613881	0.612114	0.610289	0.604564	0.593936	0.579077	0.56715	0.560276	0.556095	0.554929	0.552028	0.550632	0.54902	0.55029	0.547938	0.550324
273	0.645655	0.646322	0.643834	0.639154	0.634504	0.628691	0.621248	0.616913	0.609919	0.610819	0.608689	0.605145	0.603671	0.60171	0.595053	0.583992	0.569862	0.55905	0.550801	0.547138	0.545949	0.541908	0.541373	0.539351	0.5403	0.53864	0.540561
272	0.63245	0.63407	0.632459	0.62804	0.624352	0.617926	0.612259	0.6067	0.601917	0.602279	0.60027	0.596835	0.595467	0.59256	0.586869	0.57539	0.560542	0.55003	0.54252	0.53832	0.536038	0.533529	0.532536	0.532362	0.531314	0.530643	0.532024
271	0.620862	0.622921	0.62163	0.618169	0.615085	0.608703	0.604166	0.597564	0.593957	0.593808	0.591638	0.588457	0.587544	0.584595	0.579594	0.568253	0.552002	0.541349	0.533977	0.530886	0.527713	0.525726	0.524508	0.524199	0.523374	0.522076	0.523371
270	0.608486	0.611753	0.610466	0.606981	0.60414	0.598562	0.594338	0.588627	0.58505	0.585038	0.582975	0.580277	0.578571	0.576633	0.572044	0.559186	0.543931	0.53257	0.525719	0.522545	0.520384	0.517142	0.516452	0.515832	0.515283	0.51452	0.513745
269	0.595211	0.599261	0.596892	0.594522	0.592865	0.587663	0.58339	0.579132	0.574429	0.574022	0.573242	0.570494	0.569531	0.566995	0.561334	0.549525	0.534646	0.522152	0.516228	0.513608	0.510338	0.508275	0.508263	0.50701	0.505654	0.505787	0.504924
268	0.585515	0.588795	0.586979	0.584784	0.58378	0.578832	0.575132	0.571437	0.566781	0.566394	0.56483	0.56274	0.561164	0.558569	0.552981	0.540669	0.526655	0.514776	0.509038	0.505649	0.502375	0.500904	0.500271	0.49956	0.497585	0.498351	0.49856
267	0.577194	0.57973	0.578234	0.576253	0.574777	0.571168	0.566969	0.562619	0.559875	0.559704	0.557885	0.555482	0.5543	0.551397	0.545623	0.53317	0.519357	0.509103	0.50272	0.498915	0.496496	0.494764	0.494347	0.492693	0.491566	0.492804	0.493047
266	0.566442	0.570205	0.568853	0.566402	0.565064	0.562595	0.558713	0.5539	0.550742	0.551903	0.549564	0.546534	0.54621	0.542536	0.537483	0.526478	0.511876	0.502329	0.495224	0.491759	0.489927	0.487767	0.4878	0.485992	0.48524	0.485436	0.486714
265	0.554549	0.558551	0.557507	0.556149	0.555497	0.551358	0.548859	0.544206	0.541	0.542071	0.540629	0.536689	0.536058	0.5336	0.528116	0.517625	0.502876	0.494387	0.487645	0.483838	0.482274	0.479822	0.479753	0.478248	0.477847	0.477741	0.479209
264	0.545624	0.549547	0.548795	0.546862	0.546636	0.542541	0.541221	0.536959	0.534416	0.533496	0.532301	0.529655	0.528311	0.526714	0.521721	0.510304	0.495746	0.487319	0.4811	0.478006	0.476132	0.473518	0.473614	0.471779	0.472244	0.471838	0.473314
263	0.536789	0.539433	0.539035	0.537584	0.537795	0.534507	0.532947	0.52912	0.526647	0.525746	0.524948	0.523226	0.520665	0.518622	0.514674	0.502016	0.489469	0.480248	0.474769	0.471607	0.46941	0.467342	0.46766	0.465733	0.465153	0.465232	0.467188
262	0.527903	0.531324	0.530342	0.53014	0.530019	0.52716	0.525276	0.52185	0.519487	0.518771	0.518374	0.516804	0.513853	0.512422	0.507582	0.496774	0.483899	0.47475	0.467969	0.465476	0.463232	0.462069	0.461479	0.460738	0.460466	0.459784	0.461524
261	0.519613	0.524376	0.522252	0.523228	0.522874	0.520091	0.518701	0.515754	0.513905	0.51329	0.512575	0.510581	0.508505	0.507311	0.501339	0.491657	0.478111	0.46982	0.463005	0.459315	0.456847	0.456854	0.456196	0.4552	0.456568	0.454112	0.45765
260	0.511634	0.516061	0.514942	0.515621	0.516233	0.514391	0.512293	0.510949	0.5091	0.508918	0.507368	0.505035	0.504473	0.502748	0.496466	0.486558	0.473394	0.464237	0.457783	0.45448	0.452117	0.451904	0.451665	0.450357	0.450689	0.449174	0.452275
259	0.505893	0.508877	0.510551	0.51037	0.510401	0.509928	0.508519	0.507366	0.50613	0.506268	0.503906	0.502652	0.501977	0.499778	0.494416	0.482978	0.46992	0.460804	0.454106	0.45156	0.447924	0.448278	0.447646	0.445836	0.44678	0.445799	0.447541
258	0.500757	0.504365	0.505266	0.506224	0.506133	0.50582	0.506003	0.504875	0.5043	0.50382	0.502385	0.500778	0.499572	0.498152	0.493442	0.481318	0.467789	0.458074	0.450102	0.447487	0.445587	0.445864	0.444182	0.442177	0.443986	0.442368	0.443604
257	0.494546	0.498564	0.500033	0.502324	0.502494	0.502872	0.503929	0.502301	0.503232	0.502865	0.501257	0.499222	0.49769	0.496619	0.491757	0.479405	0.465014	0.454023	0.445468	0.444584	0.442644	0.441243	0.439441	0.43782	0.439191	0.438124	0.439432
256	0.491476	0.495427	0.4968	0.499138	0.502094	0.50283	0.504427	0.50361	0.503798	0.504151	0.503109	0.500686	0.4985	0.497573	0.492927	0.478682	0.464693	0.451865	0.44485	0.442895	0.440448	0.439215	0.437217	0.436433	0.437644	0.435849	0.436945
255	0.492569	0.495408	0.49812	0.500726	0.504013	0.506177	0.507719	0.507446	0.507824	0.50855	0.506764	0.50423	0.502534	0.501389	0.496093	0.481182	0.465631	0.453505	0.44448	0.44246	0.439879	0.439201	0.436999	0.436564	0.436587	0.435632	0.436265
254	0.494898	0.499048	0.502331	0.505537	0.509104	0.511202	0.514142	0.514575	0.514405	0.515463	0.513176	0.510717	0.510554	0.507713	0.50175	0.485496	0.468643	0.456423	0.447033	0.443826	0.441031	0.44053	0.439206	0.438178	0.438143	0.435607	0.438225
253	0.498453	0.503461	0.506733	0.510729	0.51605	0.51734	0.521017	0.522352	0.522789	0.523131	0.520624	0.518787	0.518249	0.515178	0.509165	0.492551	0.472734	0.459717	0.449857	0.445688	0.442779	0.441937	0.440697	0.438857	0.438751	0.437554	0.43912
252	0.505559	0.512745	0.516452	0.520156	0.526028	0.529216	0.532552	0.534451	0.535267	0.534195	0.532444	0.531474	0.529779	0.526858	0.520129	0.502593	0.479465	0.46514	0.455262	0.450573	0.446641	0.446086	0.445358	0.443418	0.442633	0.441842	0.443144
251	0.517915	0.525618	0.52904	0.533411	0.541331	0.54398	0.54924	0.54985	0.549859	0.549062	0.548263	0.546695	0.545584	0.541498	0.534135	0.513951	0.489272	0.473351	0.462786	0.457033	0.45364	0.452313	0.451767	0.449208	0.449317	0.44736	0.448973
250	0.533647	0.542212	0.546536	0.550715	0.558554	0.56223	0.566702	0.567387	0.566673	0.566255	0.565764	0.564201	0.561849	0.557778	0.550255	0.527308	0.500161	0.482758	0.471938	0.465054	0.461766	0.459201	0.459009	0.45684	0.455942	0.45461	0.455736
249	0.554553	0.561597	0.568634	0.572823	0.580268	0.583734	0.587368	0.588256	0.586801	0.586083	0.585803	0.582847	0.581034	0.577306	0.56795	0.543418	0.514483	0.49503	0.482193	0.476011	0.47266	0.469907	0.46849	0.466238	0.465477	0.464544	0.464178
248	0.578177	0.585075	0.592047	0.597817	0.603575	0.607237	0.60919	0.609348	0.608228	0.60704	0.606781	0.602975	0.601386	0.596298	0.586702	0.559955	0.529127	0.50773	0.493795	0.486704	0.483486	0.480787	0.478949	0.477649	0.475558	0.474228	0.47499
247	0.605839	0.612665	0.618794	0.624403	0.630713	0.632071	0.634924	0.632645	0.631136	0.629721	0.628702	0.625401	0.622667	0.618347	0.606817	0.578225	0.545349	0.52233	0.508014	0.49951	0.496218	0.492958	0.491279	0.489349	0.488424	0.486364	0.487282
246	0.637007	0.643254	0.649731	0.654425	0.658842	0.659344	0.661294	0.657714	0.655396	0.653879	0.65133	0.648948	0.644648	0.641551	0.627377	0.599151	0.563069	0.539705	0.523193	0.514255	0.511301	0.506438	0.505712	0.503509	0.503368	0.500782	0.501179
245	0.672145	0.677346	0.683526	0.686957	0.68968	0.689163	0.687956	0.684219	0.681577	0.679919	0.676047	0.672961	0.668288	0.664605	0.649228	0.619079	0.582474	0.558264	0.540846	0.531697	0.527539	0.523488	0.521352	0.520581	0.51835	0.517752	0.517682
244	0.706959	0.714209	0.718482	0.720043	0.720512	0.718754	0.715407	0.7109	0.705844	0.70406	0.700995	0.696189	0.692333	0.687548	0.672325	0.639722	0.603418	0.57731	0.560044	0.549	0.544342	0.540329	0.538279	0.537749	0.534691	0.535186	0.535777
243	0.742631	0.749539	0.752297	0.751752	0.751569	0.747652	0.743372	0.737481	0.731229	0.729392	0.724909	0.721153	0.717287	0.711886	0.696443	0.66359	0.625087	0.597647	0.579501	0.56815	0.56296	0.558517	0.557532	0.55594	0.554227	0.553569	0.554572
242	0.774123	0.781547	0.781559	0.780571	0.778412	0.77326	0.767978	0.759754	0.753094	0.751139	0.74593	0.743389	0.738355	0.732097	0.717464	0.686261	0.646844	0.617601	0.599063	0.58841	0.582954	0.578408	0.576242	0.575333	0.573613	0.572502	0.57429
241	0.80754	0.813479	0.813574	0.81194	0.807343	0.800388	0.793669	0.783979	0.776187	0.773829	0.768396	0.766237	0.760599	0.753589	0.739357	0.706465	0.669004	0.639425	0.620739	0.610219	0.604728	0.600005	0.597807	0.595323	0.593943	0.593392	0.595127
240	0.841055	0.846401	0.846977	0.843497	0.837426	0.830383	0.821421	0.809858	0.8011	0.79864	0.792377	0.788283	0.784068	0.777114	0.762204	0.728664	0.690066	0.659255	0.640944	0.631114	0.625406	0.621066	0.618128	0.616355	0.61522	0.615435	0.616237
239	0.874647	0.879275	0.880194	0.875757	0.867239	0.857889	0.847803	0.835405	0.826371	0.823043	0.816835	0.812928	0.807213	0.800476	0.785391	0.750523	0.711548	0.68071	0.661455	0.650836	0.644893	0.641458	0.638146	0.635796	0.635928	0.636165	0.636751
238	0.91064	0.914944	0.913875	0.908733	0.899379	0.888629	0.876318	0.86361	0.852581	0.849121	0.842554	0.838388	0.83234	0.825221	0.810514	0.774838	0.735627	0.704768	0.684962	0.673778	0.667637	0.664156	0.660597	0.658685	0.659238	0.659311	0.660808
237	0.948486	0.952886	0.951593	0.944338	0.934703	0.920596	0.907071	0.89279	0.879415	0.875646	0.871198	0.866262	0.859242	0.852056	0.837125	0.801982	0.761485	0.732334	0.711148	0.699904	0.69312	0.689882	0.686247	0.685234	0.685975	0.68567	0.687703
236	0.990322	0.994117	0.991028	0.982381	0.971441	0.954962	0.939895	0.922829	0.908572	0.904029	0.899986	0.893969	0.887161	0.880562	0.865375	0.831177	0.790902	0.761958	0.740708	0.729403	0.722425	0.718181	0.71555	0.714951	0.71486	0.714937	0.716819
235	1.03541	1.03846	1.03375	1.02354	1.01044	0.991123	0.973757	0.955205	0.938669	0.933743	0.929379	0.923217	0.916694	0.909583	0.894726	0.862069	0.823218	0.793544	0.773193	0.761639	0.755844	0.749669	0.747113	0.746823	0.745745	0.747482	0.748764
234	1.08238	1.08335	1.07814	1.06593	1.04899	1.02839	1.00848	0.98802	0.96978	0.964427	0.958868	0.952708	0.945467	0.938374	0.923637	0.892955	0.857557	0.826821	0.808235	0.796631	0.790801	0.784342	0.781525	0.781497	0.779618	0.780416	0.781787
233	1.12782	1.1274	1.12024	1.10613	1.08628	1.06268	1.04154	1.01794	0.9979	0.992911	0.985543	0.979944	0.973659	0.964587	0.951309	0.923211	0.890395	0.862276	0.843693	0.83218	0.826755	0.821529	0.817846	0.816246	0.815175	0.816794	0.81758
232	1.16855	1.16811	1.15994	1.14365	1.12111	1.09468	1.07069	1.04652	1.02584	1.01838	1.01091	1.00517	0.998008	0.98994	0.97876	0.953365	0.924199	0.898732	0.881255	0.869943	0.864563	0.859856	0.855974	0.854414	0.853234	0.854469	0.855414
231	1.19376	1.1937	1.18582	1.17045	1.14804	1.12284	1.09562	1.06966	1.04951	1.04164	1.03394	1.02658	1.02005	1.01275	1.00409	0.982102	0.957006	0.934813	0.918419	0.909147	0.903136	0.898057	0.894913	0.892641	0.892231	0.893856	0.893914
230	1.21397	1.21365	1.20489	1.18834	1.16392	1.13768	1.11274	1.0898	1.06963	1.06227	1.05402	1.04714	1.04079	1.03373	1.02744	1.01085	0.989701	0.97158	0.957116	0.947283	0.942137	0.937803	0.93468	0.931789	0.932649	0.934098	0.934512
229	1.2316	1.23115	1.22071	1.20264	1.17762	1.14976	1.12377	1.09951	1.07991	1.07369	1.06709	1.06014	1.05482	1.04999	1.04612	1.03631	1.02171	1.00657	0.995306	0.986391	0.981314	0.977189	0.973471	0.97117	0.972726	0.974686	0.97594
228	1.24694	1.24494	1.23483	1.21632	1.19006	1.15974	1.13439	1.10992	1.08883	1.08218	1.07594	1.06817	1.06326	1.05957	1.05695	1.05136	1.04291	1.03251	1.02363	1.01815	1.01319	1.01048	1.00691	1.00565	1.00703	1.00942	1.01057
227	1.25878	1.256	1.24546	1.22628	1.19945	1.16924	1.14297	1.11819	1.09573	1.09057	1.0834	1.07649	1.07142	1.06765	1.06641	1.06588	1.06162	1.05401	1.04667	1.04204	1.03783	1.03531	1.03233	1.03054	1.03201	1.03467	1.0363
226	1.26604	1.26338	1.25369	1.23312	1.20737	1.17561	1.14885	1.12385	1.10233	1.09639	1.08917	1.0839	1.07776	1.07442	1.07492	1.07837	1.07767	1.0736	1.06839	1.06309	1.06	1.05737	1.05375	1.05452	1.05471	1.0573	1.05899
225	1.26945	1.26796	1.25872	1.23649	1.21148	1.18017	1.15256	1.12776	1.1071	1.10104	1.09413	1.08769	1.08178	1.08076	1.08249	1.08714	1.09183	1.0891	1.08622	1.08339	1.07986	1.07725	1.07394	1.07502	1.07568	1.07782	1.07908
224	1.26899	1.26835	1.25822	1.237	1.21236	1.18288	1.15542	1.1313	1.10992	1.10371	1.09774	1.09192	1.08584	1.08509	1.08781	1.09551	1.10451	1.10362	1.10165	1.10015	1.09691	1.09601	1.0927	1.09276	1.09384	1.09611	1.09819
223	1.26319	1.26366	1.25389	1.23382	1.20972	1.18229	1.15553	1.13171	1.11171	1.10682	1.10028	1.09422	1.08978	1.08825	1.09302	1.10231	1.11469	1.1159	1.11469	1.11371	1.11178	1.11164	1.10796	1.10752	1.10967	1.11189	1.11352
222	1.25505	1.25604	1.24722	1.22914	1.20443	1.17927	1.15401	1.13112	1.11197	1.10739	1.10134	1.09689	1.09305	1.09066	1.09598	1.10819	1.12126	1.12492	1.12516	1.12533	1.12248	1.12279	1.11978	1.11923	1.12246	1.12475	1.12703
221	1.24778	1.24787	1.24035	1.22362	1.2	1.1777	1.15369	1.13188	1.11415	1.10918	1.10362	1.09911	1.09541	1.09422	1.09883	1.11295	1.12795	1.1332	1.13435	1.13484	1.1324	1.13232	1.13039	1.12968	1.13249	1.13518	1.13801
220	1.244	1.24256	1.23648	1.22093	1.19915	1.17714	1.15541	1.13385	1.11756	1.11325	1.10804	1.10269	1.10084	1.09909	1.10371	1.11959	1.13494	1.14163	1.14327	1.14272	1.14242	1.14144	1.13966	1.13925	1.14171	1.14495	1.14794
219	1.24455	1.2415	1.23652	1.22184	1.20178	1.17914	1.15879	1.13882	1.12351	1.11948	1.1133	1.10924	1.10681	1.10551	1.11086	1.12615	1.14253	1.14948	1.15114	1.15048	1.15173	1.14958	1.14834	1.14725	1.14923	1.15331	1.15563
218	1.25227	1.24834	1.24251	1.22718	1.20784	1.18541	1.16557	1.14639	1.13139	1.12707	1.12078	1.11668	1.11464	1.11221	1.11822	1.13346	1.14883	1.15674	1.15785	1.15744	1.15991	1.15624	1.15556	1.15445	1.15623	1.15979	1.16268
217	1.26883	1.26258	1.25437	1.23866	1.21967	1.19653	1.17547	1.15842	1.14228	1.13649	1.13023	1.12696	1.12302	1.12072	1.1258	1.1417	1.15598	1.16331	1.16528	1.16472	1.16609	1.16368	1.16283	1.16051	1.1628	1.16519	1.1674
216	1.29834	1.28805	1.27737	1.25855	1.23758	1.2134	1.19119	1.17437	1.15475	1.14869	1.1432	1.13919	1.13533	1.13253	1.13649	1.15196	1.16507	1.17211	1.17522	1.17373	1.17358	1.17055	1.17031	1.16798	1.16857	1.17127	1.17303
215	1.34309	1.32703	1.31205	1.28903	1.2633	1.2369	1.21238	1.19283	1.17202	1.16514	1.15849	1.15425	1.15048	1.14619	1.14957	1.16389	1.17607	1.18192	1.18509	1.18283	1.1824	1.18012	1.1787	1.17644	1.17567	1.17761	1.17882
214	1.41313	1.38697	1.36321	1.33388	1.30201	1.27113	1.24232	1.21758	1.1953	1.18797	1.18014	1.17392	1.16932	1.16361	1.16619	1.17792	1.19049	1.19584	1.19778	1.19542	1.19329	1.19184	1.18938	1.18705	1.18508	1.18534	1.18643
213	1.51736	1.47481	1.43903	1.3982	1.35681	1.31876	1.28188	1.25102	1.22443	1.21462	1.20518	1.19708	1.19026	1.18405	1.18448	1.19495	1.20626	1.21015	1.21226	1.20957	1.206	1.20316	1.19932	1.19715	1.19376	1.19128	1.19145
212	1.6719	1.60515	1.55263	1.49439	1.43948	1.38694	1.33896	1.29878	1.2637	1.25079	1.23895	1.22833	1.21867	1.21069	1.20869	1.21621	1.2254	1.22778	1.22874	1.22571	1.22145	1.21579	1.21077	1.20741	1.20119	1.19633	1.19379
211	1.8938	1.79451	1.71762	1.63428	1.55635	1.48378	1.42027	1.3652	1.31733	1.29975	1.2852	1.27028	1.25633	1.24454	1.2393	1.24512	1.25041	1.25076	1.2484	1.24289	1.23735	1.23065	1.22293	1.21736	1.20814	1.19915	1.19276
210	2.08811	2.01677	1.94018	1.83117	1.72144	1.62118	1.53369	1.45737	1.39145	1.36861	1.34674	1.32599	1.3079	1.29078	1.28098	1.2839	1.28337	1.27894	1.27343	1.26468	1.25446	1.24561	1.23508	1.2274	1.21104	1.19725	1.18596
209	2.04659	2.04393	2.02604	1.97851	1.90414	1.80462	1.68856	1.58126	1.49104	1.46026	1.42956	1.39982	1.37379	1.35096	1.33424	1.32965	1.32391	1.31334	1.30283	1.28848	1.27412	1.26034	1.24639	1.23456	1.20904	1.18848	1.1713
208	1.90779	1.90754	1.90797	1.90807	1.90644	1.88029	1.82484	1.74222	1.64382	1.60201	1.55977	1.51987	1.48378	1.44987	1.42399	1.41013	1.39709	1.38069	1.3611	1.33963	1.31884	1.29842	1.27833	1.26179	1.2234	1.19345	1.16646
207	1.72435	1.72425	1.72427	1.72449	1.72444	1.72456	1.72437	1.7177	1.68555	1.6658	1.64159	1.61654	1.58693	1.555	1.52769	1.5061	1.48708	1.46301	1.43187	1.40197	1.37146	1.34355	1.31584	1.29214	1.23768	1.19111	1.15169
206	1.47281	1.47287	1.47277	1.47294	1.473	1.47271	1.47295	1.47299	1.47289	1.47323	1.47249	1.47309	1.47033	1.46429	1.45607	1.44791	1.44019	1.4287	1.4127	1.39495	1.37364	1.35123	1.32656	1.30265	1.2378	1.1733	1.11677
205	1.12435	1.12464	1.12449	1.12455	1.12467	1.12458	1.1245	1.12464	1.12407	1.12459	1.1242	1.12429	1.12453	1.12443	1.12428	1.12425	1.12447	1.12462	1.12488	1.12509	1.12443	1.12259	1.11813	1.11168	1.08712	1.05406	1.01342
204	0.637652	0.637889	0.637826	0.637858	0.637988	0.637929	0.637947	0.63792	0.637514	0.637849	0.637698	0.637703	0.6379	0.638007	0.63769	0.637402	0.63762	0.637864	0.638177	0.637791	0.637672	0.637399	0.63763	0.637481	0.63711	0.637417	0.636497
203	0.146214	0.146348	0.146347	0.146454	0.146478	0.146468	0.146427	0.146411	0.146236	0.146373	0.146295	0.146346	0.146341	0.146364	0.146244	0.146163	0.146295	0.146103	0.146362	0.146191	0.145897	0.145966	0.146132	0.145976	0.145482	0.14562	0.145961
202	5.66687E-4	6.39217E-4	5.93867E-4	6.4424E-4	7.83688E-4	7.70984E-4	6.51035E-4	5.46449E-4	5.59448E-4	4.5634E-4	5.16757E-4	5.83822E-4	3.94888E-4	5.56789E-4	4.89134E-4	4.05524E-4	5.71118E-4	4.00058E-4	5.3537E-4	3.37572E-4	2.76712E-4	2.53963E-4	2.44065E-4	2.19544E-4	-7.24992E-5	-3.06193E-4	3.50412E-5
201	4.95507E-4	5.93593E-4	4.78372E-4	5.21063E-4	6.70113E-4	4.75565E-4	5.00382E-4	4.79997E-4	3.60048E-4	4.66259E-4	3.82944E-4	5.43664E-4	4.15886E-4	3.85012E-4	4.61088E-4	3.90626E-4	4.90632E-4	3.32867E-4	4.83542E-4	1.46592E-4	1.6358E-4	6.38683E-5	1.25025E-4	1.48808E-4	-1.09112E-4	-1.13101E-4	3.89389E-6
200	4.08217E-4	5.39983E-4	4.61248E-4	5.35847E-4	6.71897E-4	5.25654E-4	5.77356E-4	4.96701E-4	3.37163E-4	4.28307E-4	3.99058E-4	5.85038E-4	3.92854E-4	4.93747E-4	4.85622E-4	4.83849E-4	4.676E-4	3.94183E-4	4.62725E-4	2.29623E-4	1.51922E-4	7.88003E-5	8.95839E-5	3.78082E-4	1.07012E-5	2.87231E-5	4.49696E-6
