500	3.7732E-4	3.08137E-4	-8.8504E-4	-0.00118082	-0.00138412	-0.00123169	-0.001435	-0.00199149	-8.52539E-4	-0.00157529	-0.00141446	-0.00116498	-0.00121088	-0.00225287	-0.00108575	-0.00231866	-0.00244238	-0.00294138	-0.00167731	-0.00203064	-0.00190906	-0.00211505	-0.00211023	-0.00172205	-0.0027326	-0.00256934	-0.00239029
499	-0.0011478	-1.30706E-4	-0.00141925	-0.00199969	-0.0018978	-0.00245993	-0.00155313	-0.00269879	-0.00182751	-0.00347314	-0.00230008	-0.00165845	-0.00212549	-0.00236652	-0.00286883	-0.00263809	-0.00346759	-0.0032337	-0.00247601	-0.00247641	-0.00306454	-0.00394022	-0.00381631	-0.00279019	-0.00390723	-0.00262347	-0.00322732
498	-0.00136331	-3.58891E-5	-0.00251083	-0.00244382	-0.00223923	-0.00260376	-0.00126852	-0.00205158	-0.00194211	-0.00269534	-0.00255228	-0.0021879	-0.00232752	-0.00232074	-0.00264813	-0.00268982	-0.00266043	-0.00364011	-0.00317206	-0.00229303	-0.00317383	-0.00365549	-0.00386408	-0.00306265	-0.00436386	-0.00349878	-0.00237189
497	9.64295E-4	0.00158481	-0.00142197	-4.20166E-4	-6.27044E-4	-4.30572E-4	-5.45074E-4	3.79486E-4	-0.00103723	-5.14129E-4	-0.00108749	-7.70721E-4	-6.84417E-4	-0.00122311	-0.00157562	-5.68786E-4	-0.00151178	-0.00241943	-0.00123062	-6.91345E-4	-0.00162686	-0.00154153	-0.00205148	-0.00106445	-0.00117523	-0.00248624	-0.00136075
496	0.00130112	0.00192465	-0.00118591	-8.40147E-5	-1.62994E-4	3.60901E-4	-0.00101111	2.70996E-4	-9.94261E-5	-9.82483E-4	-2.33002E-4	-5.69885E-4	-0.00160422	-0.0012988	-0.00141016	-0.00132825	-0.00138083	-0.00148145	-0.00122485	-0.00111591	-0.00190472	-0.00101227	-0.00206799	-0.00107944	-8.6734E-4	-0.00213431	-0.00168939
495	0.00247891	0.00102673	-0.00106451	-8.0722E-4	-3.0246E-4	2.38617E-4	-7.5003E-4	-3.53577E-4	-1.26953E-4	-0.00166171	7.43317E-4	9.97011E-5	-0.00113657	-4.09515E-4	-9.36493E-4	-4.21387E-4	-8.07587E-4	-2.2171E-4	-8.11462E-4	-0.00139423	-0.00151221	-3.79486E-4	-0.00175613	-8.92029E-4	-0.00174899	-0.00235776	-0.00150409
494	0.00151715	8.55926E-4	-0.00127341	-0.00206699	-0.00108246	-7.71188E-5	-7.65473E-4	-7.86866E-4	-0.00113516	-0.00147708	-7.87232E-4	-2.70753E-4	-0.00154614	-5.33387E-4	-0.00121402	-8.34443E-4	-0.00156668	-0.00202768	-0.00123981	-0.00193103	-0.00232568	-0.00119363	-0.00152719	-0.00134949	-0.00119046	-0.00233176	-0.00179956
493	0.00180295	0.00154761	-0.00139569	-8.53729E-4	-9.48913E-4	-6.55206E-5	-0.00111447	-0.00134219	-8.91631E-4	-8.92822E-4	-0.00121866	-8.11462E-4	-0.00138528	-0.00104825	-0.00153342	-7.10449E-4	-0.00149808	-0.00312299	-0.00160077	-0.00173929	-0.0020607	-0.00245959	-0.00161871	-0.00169604	-8.07769E-4	-0.00265594	-0.00145801
492	0.00253888	0.00174066	-0.00144467	-4.53247E-4	-0.00109152	1.55152E-4	-8.79028E-4	-7.37884E-4	-8.8385E-4	-0.00103912	-9.13513E-4	-6.03241E-4	-6.29242E-4	-8.70819E-4	-0.00123752	-0.00125565	-0.00161517	-0.00283969	-0.0015936	-0.00110809	-9.72198E-4	-0.00225125	-0.00164093	-0.00154965	-0.00132733	-0.00217599	-9.05487E-4
491	0.00105756	0.00117221	-0.00181628	-0.00101682	-0.00181921	-5.38635E-5	-7.00012E-4	-0.00120801	-0.00157553	-0.00151321	-0.00138965	-0.00172073	-0.00112976	-0.00225964	-0.00199536	-0.00215329	-0.00170111	-0.00326117	-0.00283569	-0.00157666	-0.00136618	-0.0026329	-0.00199438	-0.00144354	-0.0015231	-0.00165878	-0.00174347
490	1.50178E-4	6.00892E-4	-8.75366E-4	-6.00799E-4	-9.54162E-4	-1.35798E-5	-0.0011994	-0.00174411	-0.00127823	-0.00162231	-0.00185672	-0.00255246	-0.00186514	-0.00196347	-0.00215497	-0.00262363	-0.00256827	-0.00277212	-0.00263654	-0.00145947	-0.00193072	-0.00192795	-0.00221414	-0.0015726	-0.00140655	-0.00214008	-0.00192425
489	3.28828E-4	0.00115427	-7.95867E-4	-9.93041E-4	-0.00110031	-3.96416E-5	-0.00108856	-0.00104672	-0.00146912	-0.00118799	-0.00141333	-0.00193976	-0.00193573	-0.00130551	-9.97039E-4	-0.00203741	-0.00235965	-0.00181268	-0.00103702	-0.00117895	-0.0012521	-0.00193066	-0.00182461	-0.00138705	-0.00146707	-0.00121225	-0.00180954
488	0.00152005	0.00108963	-4.54254E-4	-8.33069E-4	-2.90375E-4	-3.70176E-5	-0.00123618	3.87879E-4	-0.00117282	-0.0012811	-0.00102045	-0.00136389	-0.00145706	-0.00151578	-8.67918E-5	-0.00112048	-0.00177829	-0.00125378	-3.26477E-4	-1.73675E-4	-0.00122839	-0.00134195	-0.00118265	-0.0016416	-0.00142944	-0.00170273	-0.00220163
487	0.00126263	0.00170142	-3.14393E-4	7.8033E-5	-4.37989E-4	-1.7865E-4	-9.11988E-4	-7.81255E-5	-4.41163E-4	-0.00124197	-8.32642E-4	-8.21503E-4	-0.00105673	-0.00118448	2.26741E-5	-6.69556E-4	-0.00235049	-0.00100327	-5.72236E-4	-2.78199E-4	-0.0015556	-0.00113144	-7.92573E-4	-0.00221683	-0.00130582	-0.00189163	-0.0020448
486	8.73534E-4	0.00284796	-2.0099E-4	6.34856E-4	-8.24372E-4	-9.64936E-4	-1.78407E-4	1.17065E-4	-9.48701E-4	-7.9477E-4	-6.43647E-4	-8.10151E-4	-6.19294E-4	-9.02925E-4	-5.05372E-4	-8.72285E-4	-0.00170319	-9.56208E-4	-7.94312E-4	-0.0012273	-0.00112909	-0.00128394	-8.78602E-4	-0.00120984	-7.34864E-4	-0.00157364	-0.00223541
485	-5.76473E-5	0.0013454	-0.00142456	-2.61718E-4	-0.00178146	-0.00107645	-0.00129684	-2.09442E-4	-0.00209402	-0.00160397	-7.99163E-4	-0.00134518	-7.79388E-4	-0.00197787	-0.00162085	-9.74609E-4	-0.00271732	-0.00238583	-0.00192303	-0.0020733	-0.00210236	-0.00202002	-0.00137018	-0.00152563	-0.00146921	-0.00265671	-0.0020282
484	7.56745E-4	0.00169565	1.24634E-4	-4.68383E-4	-9.36187E-4	1.11024E-4	-8.66882E-4	3.15766E-4	-0.00149847	-0.00101337	-5.00121E-4	-5.71136E-4	-3.22265E-4	-0.00150095	-9.41802E-4	-4.48669E-4	-0.00126623	-0.00238007	-0.00114383	-9.78057E-4	-0.00186487	-0.00167496	-0.00110059	-0.00129828	-0.00146966	-0.00167148	-0.00169311
483	0.00140222	0.00147507	-3.92853E-4	-0.0011853	-0.00111832	-5.08118E-4	-0.0011322	-1.65009E-4	-6.74377E-4	-8.54492E-4	-9.55658E-4	-7.02179E-4	-0.0010687	-0.00142725	-0.00138049	-6.94214E-4	-0.00151749	-0.00243234	-0.0013118	-0.00110876	-0.00261313	-0.00153345	-0.00158917	-0.00156131	-0.0015571	-0.00216412	-0.00187396
482	9.51081E-4	0.00105002	-0.00176123	-0.00192551	-0.00247363	-0.00191898	-0.00154846	-0.00118042	-0.00116067	-0.00189249	-0.00196344	-0.00142502	-0.00217844	-0.00187363	-0.00243118	-0.00173068	-0.00241397	-0.0028772	-0.00224081	-0.00230237	-0.00345056	-0.00210309	-0.00246612	-0.00260211	-0.0018381	-0.0024996	-0.00222586
481	0.00192377	0.00158432	-0.0014837	-8.55132E-4	-0.00136832	-5.17181E-4	-0.0010534	-0.00123224	-6.31103E-4	-0.00239929	-8.43383E-4	-0.00171442	-0.00157638	-9.26726E-4	-0.00208279	-0.00177997	-0.00216537	-0.00272085	-0.00151712	-0.00145853	-0.00166818	-0.00136774	-0.00188965	-0.00216601	-0.00205771	-0.00208765	-0.00152341
480	0.00150098	0.00185547	-3.26476E-4	8.54498E-5	-6.80755E-4	6.24726E-4	-5.17028E-4	1.52161E-4	-2.45483E-4	-0.00110104	-5.51635E-4	-0.00160339	-7.3056E-4	-4.50347E-4	-5.12329E-4	-6.79626E-4	-0.00155527	-0.00208258	-6.08367E-4	-5.62225E-4	-2.09106E-4	-9.92401E-4	-0.00202435	-0.00144372	-0.00160586	-0.00139859	-0.00102219
479	7.16552E-4	2.61962E-4	-0.00133579	-0.0011821	-9.78303E-4	-8.49885E-4	-0.00172037	-5.00001E-4	-9.78394E-4	-0.00100967	-0.00108804	-0.00199393	-0.00190848	-9.23768E-4	-0.00144592	-0.00183765	-0.00264218	-0.00274124	-0.00143073	-0.00237	-0.00108652	-0.00169791	-0.00256952	-0.00248108	-0.00275919	-0.00164975	-0.00187445
478	0.0011084	8.05051E-5	-9.33533E-4	-0.00160498	-7.76734E-4	-8.1723E-4	-0.00193109	-9.55445E-4	-0.00116171	-0.00192688	-0.0014711	-0.00167627	-0.00217926	-0.00205331	-0.00195932	-0.00202802	-0.00260333	-0.00267777	-0.00161929	-0.00247293	-0.00178857	-0.00187741	-0.00296118	-0.00319623	-0.0026015	-0.00120587	-0.00182523
477	0.00103574	6.89576E-4	-7.44506E-4	-7.26775E-4	-0.0011315	-5.56335E-4	-9.25231E-4	-9.47326E-4	-3.43871E-4	-0.0020415	-0.00162463	-0.00145322	-0.0014682	-0.00204919	-0.00106476	-0.00151459	-0.00212808	-0.00201251	-0.00172488	-0.00213272	-0.00156543	-0.00165958	-0.00218188	-0.00246484	-0.0024158	-0.00145889	-0.00133667
476	-2.09351E-4	3.5562E-4	-0.00247647	-0.00162708	-0.00263568	-0.00181653	-0.0020481	-0.00151007	-0.00112912	-0.00303452	-0.00172134	-0.0024213	-0.00257791	-0.00294425	-0.00232083	-0.00263269	-0.00325595	-0.00293189	-0.00252411	-0.00249393	-0.00244754	-0.00240543	-0.00245651	-0.00335059	-0.00326706	-0.00270337	-0.00258655
475	-2.11639E-4	7.42524E-4	-0.00208612	-0.00179883	-0.00193866	-0.00133646	-0.00211929	-0.00171143	-0.00162012	-0.00268277	-0.0022265	-0.00242224	-0.00235907	-0.0023559	-0.00233215	-0.0020867	-0.0031463	-0.00354663	-0.00231125	-0.00289157	-0.00258334	-0.00260382	-0.00288202	-0.00297009	-0.00305807	-0.00308429	-0.00270981
474	6.12122E-4	0.00120096	-7.25463E-4	-6.98974E-4	-5.56426E-4	-4.24713E-4	-0.0011235	-2.69195E-4	-0.00119369	-0.00141351	-0.00141894	-0.00182492	-0.00142987	-0.00125308	-7.77953E-4	-2.18719E-4	-0.00224396	-0.00261545	-0.00139078	-0.00213016	-0.00241391	-0.00132483	-0.00220389	-9.00756E-4	-0.00169568	-0.00224042	-7.90038E-4
473	0.00102475	0.00154663	-0.00104517	-0.00115039	-4.09028E-4	-0.00168222	-0.00132581	-0.0010145	-6.72944E-4	-0.00142639	-9.02375E-4	-0.00121735	-0.00134717	-0.00184253	-0.00127469	-9.84223E-4	-0.00221994	-0.0020882	-0.00222052	-0.00231064	-0.0024061	-9.54224E-4	-0.00208374	-0.00174271	-0.00184906	-0.00211188	-0.00195807
472	0.00122092	0.0023168	-0.00114108	-6.73341E-4	-1.56257E-5	-7.23389E-4	-0.00113953	-8.32429E-4	-4.76319E-4	-0.00119705	-4.34907E-4	-3.40851E-4	-6.37824E-5	-0.00143478	-7.05323E-4	-5.30671E-4	-0.00164145	-0.00137268	-0.00188522	-0.00163651	-0.00147934	-7.42585E-4	-0.00195966	-0.0018764	-0.00168692	-0.00102771	-0.00156485
471	0.00104544	0.00100522	-0.00176007	-0.00168878	-5.78858E-4	-6.9574E-4	-0.00179944	-9.78119E-4	-7.87293E-4	-0.00138788	-0.00130341	-0.00136111	-0.00118048	-0.0017197	-0.0010029	-9.36035E-4	-0.00191733	-0.00181961	-0.00172217	-0.00172052	-0.00189655	-0.00100375	-0.00218274	-0.00240585	-0.00222257	-0.00192877	-0.00150391
470	0.00164511	2.3413E-4	-0.0019523	-0.00231384	-0.00134277	-0.00141785	-0.00185965	-0.00136246	-0.00208038	-0.00168884	-0.0020108	-0.00242456	-0.00269394	-0.00203168	-0.00209097	-0.00187427	-0.00215952	-0.00222781	-0.00188995	-0.00229749	-0.0025997	-0.00121414	-0.00323996	-0.00266303	-0.0029693	-0.00279907	-0.00139066
469	0.00108112	0.0014238	-8.94348E-4	-0.00150244	-9.07836E-4	-9.4873E-4	-0.00120117	-0.00134888	-0.00154456	-0.00171103	-8.59832E-4	-0.00130023	-0.00130249	-0.00182025	-0.00187521	-0.00214255	-0.00153708	-0.00173309	-0.0015368	-0.00105695	-0.00243243	-0.0019527	-0.00182318	-0.00116931	-0.00251935	-0.00205261	-0.00149734
468	0.00109616	0.00179782	-0.00105652	-0.00150516	-2.3294E-4	-2.53021E-4	-1.04736E-4	-0.00123596	-7.24914E-4	-0.00103995	-7.57843E-4	-4.22882E-4	-0.00109787	-0.0018046	-0.00108893	-0.00187741	-0.00160706	-0.00139087	-0.00136185	-7.77466E-4	-0.00221857	-0.00176227	-0.00156458	-5.82947E-4	-0.00160199	-0.00168381	-0.00183841
467	5.38941E-4	0.00150144	-0.00220361	-0.00262671	-0.00177637	-0.00168149	-5.08971E-4	-0.00195788	-0.00199295	-0.00184778	-0.0013237	-0.0013848	-0.00103137	-0.00234753	-0.00182169	-0.00212756	-0.00325864	-0.00271417	-0.0022677	-0.00169617	-0.00234949	-0.00183243	-0.00292602	-0.00193994	-0.00168829	-0.00226999	-0.00267865
466	6.41083E-4	0.00101398	-0.00177127	-0.00271704	-0.00213242	-0.0013522	-0.00155725	-9.99512E-4	-0.00206393	-0.00195697	-0.00119028	-0.00206934	-0.00108154	-0.00195209	-0.00233002	-0.00181586	-0.00251209	-0.00281287	-0.00217844	-0.00214508	-0.00170865	-0.00237253	-0.00319202	-0.00215466	-0.00181171	-0.00255209	-0.00240659
465	4.63227E-4	2.76063E-4	-0.00139877	-0.00230221	-0.00139273	-0.00120834	-0.00151541	-0.00200726	-0.00251688	-0.00236639	-0.00138858	-0.00289343	-0.00186731	-0.00174023	-0.00186343	-0.00176813	-0.00235611	-0.00259381	-0.00211142	-0.00268649	-0.00280215	-0.00322238	-0.00269885	-0.00232541	-0.00250491	-0.00290768	-0.00318939
464	1.1554E-4	2.83295E-4	-0.00218182	-0.00274786	-0.00158343	-0.00144125	-0.00203717	-0.00302307	-0.00262732	-0.00233859	-0.00216684	-0.00194498	-0.0018703	-0.00197778	-0.00152469	-0.00146408	-0.00319144	-0.00338055	-0.00291205	-0.00238855	-0.00275845	-0.00270966	-0.00194702	-0.00238968	-0.00317761	-0.00291724	-0.00301276
463	6.31928E-4	0.00118182	-0.00128116	-0.00135287	-0.00191437	-8.52081E-4	-0.00156515	-0.00179147	-0.00242899	-0.00164096	-0.00199451	-9.79767E-4	-0.00166977	-0.00238895	-0.00128778	-4.01397E-4	-0.00239929	-0.0026897	-0.00184729	-0.00190063	-0.00116913	-0.00144504	-0.0016687	-0.00194501	-0.00207529	-0.00191556	-0.00162292
462	0.00154953	0.00196219	-4.80164E-4	-4.35029E-4	-0.00142069	1.76391E-4	2.49877E-4	-3.35084E-4	-0.001121	-0.00105643	-7.81861E-4	-6.75629E-4	-0.00100971	-0.00146857	-0.00118149	1.65435E-4	-0.00174759	-0.0018905	-0.00128076	-0.00151685	-4.08296E-4	-0.00109616	-1.56434E-4	-0.00180484	-0.00166696	-8.73475E-4	-7.91047E-4
461	0.00195599	0.00278497	-5.11932E-4	4.04572E-4	-3.71429E-4	1.57197E-4	6.38154E-4	-0.0011084	2.55433E-4	-3.71337E-4	-4.458E-4	-5.07812E-4	-3.21227E-4	-0.00124091	-5.58196E-4	-2.91839E-4	-0.00139529	-0.00121237	-2.79113E-4	-0.00103012	-0.00159665	-9.36096E-4	2.90528E-4	-0.00160162	-0.0019754	-5.0653E-4	-9.23187E-4
460	0.00133261	0.00230029	-6.57226E-4	-2.53599E-5	-3.18146E-4	-1.70868E-4	-4.50195E-4	-9.63653E-4	1.11084E-4	-5.68786E-4	-3.08899E-4	-4.03045E-4	-8.58458E-5	-0.00115408	-3.52875E-4	-8.35388E-4	-0.0013522	-9.72412E-4	-4.62128E-4	-8.44971E-4	-0.00152518	-0.00133481	-5.00486E-5	-0.00181668	-0.00123022	-0.00130472	-0.00110535
459	2.41271E-4	0.00165781	-9.47358E-4	-0.00119992	-0.00104935	-6.22869E-5	-0.00166513	-0.00102673	-0.0011319	-0.00185617	-0.00140454	-0.00119949	-0.00109897	-0.00163254	-0.00160703	-0.00154504	-0.00116675	-0.00239121	-0.00112323	-0.0019151	-0.00154123	-0.00172653	-6.99524E-4	-0.00245139	-0.00196109	-0.00219736	-0.00138953
458	3.77839E-4	0.00132752	-0.00102298	-0.00160464	-1.31012E-4	6.09135E-5	-6.95709E-4	-8.28704E-4	-7.01568E-4	-0.00116574	-0.00122876	-0.00127667	-0.00151669	-0.00226105	-0.00144409	-0.00166092	-0.00137851	-0.00282516	-8.59558E-4	-0.00144983	-0.00145502	-0.00206369	-0.00167386	-0.0019285	-0.00299228	-0.00167566	-0.00187036
457	0.00134857	0.00157227	-0.00131912	-5.89508E-4	-6.46058E-4	-7.94587E-4	-7.47498E-4	-6.51825E-4	-0.00120145	-0.00176242	-0.00154095	-0.00158853	-0.00121375	-0.00194894	-0.00134381	-0.00166922	-0.00203323	-0.00288702	-0.00112656	-0.00168073	-0.00169931	-0.00136121	-0.00211755	-0.0024751	-0.00265509	-0.00199313	-0.00239822
456	9.45403E-4	4.68566E-4	-0.00255154	-0.00110895	-0.00171942	-0.00148801	-0.00126587	-0.00141458	-9.2624E-4	-0.00249133	-0.00229047	-0.00198782	-0.00160751	-0.00263248	-0.00253754	-0.00206067	-0.00310007	-0.00365537	-0.00243536	-0.00290122	-0.00286502	-0.00199741	-0.00219049	-0.0027168	-0.00283731	-0.00273554	-0.00306616
455	0.00103836	0.001522	-0.00222897	-8.44543E-4	-6.63086E-4	-0.00123202	-0.0011022	-6.17706E-4	-5.35461E-4	-0.00181888	-0.00176706	-0.00158542	-0.00147922	-0.0024978	-0.00133948	-0.00198837	-0.00249329	-0.0028732	-0.00112415	-0.00201227	-0.00282257	-0.00187982	-0.00114212	-0.00197873	-0.00229449	-0.00265536	-0.0025741
454	0.00181039	0.00206125	-0.00113873	-9.82818E-4	-4.26022E-5	-6.10412E-4	-7.57476E-4	-7.18261E-4	-3.42529E-4	-0.00154901	-0.00163592	-3.22693E-4	-9.6231E-4	-0.00184891	-2.63031E-4	-0.00157544	-0.00104675	-0.00225644	-5.30243E-4	-0.00145947	-0.00201978	-0.0015993	-1.51092E-4	-0.0019577	-0.00141922	-0.00190536	-0.00173334
453	0.00221475	0.00109543	1.42487E-4	-0.00126852	-4.72198E-4	3.16776E-5	-6.68365E-4	-8.51349E-4	-2.60589E-4	-0.00141846	-0.00104626	6.2143E-4	-8.50677E-4	-0.00144211	-4.3283E-4	-0.00167319	-6.25E-4	-0.00220554	-0.00188724	-0.00151678	-0.00177216	-0.00118619	-0.00101096	-9.16809E-4	-9.86755E-4	-0.00142935	-9.59411E-4
452	0.00180756	8.52478E-4	-6.87806E-4	-7.50641E-4	-0.00107562	-5.74341E-4	-8.15552E-4	-0.00119788	-0.00125983	-0.00170984	-0.00148816	-6.55762E-4	-9.03443E-4	-0.00152313	-0.00119049	-9.38111E-4	-0.00111832	-0.00157739	-0.0021788	-0.00241382	-0.00221359	-0.00173059	-0.00146896	-0.00201923	-0.00135513	-0.0020751	-0.00153586
451	0.00211502	0.00230658	-0.00152032	-9.18268E-5	-9.78998E-5	3.78785E-4	2.70661E-4	-4.30023E-4	-3.97125E-4	-3.51776E-4	-7.96325E-4	-4.95208E-4	4.66859E-4	-0.0010105	-5.90814E-5	2.00201E-5	-0.00123865	-0.00119525	-5.40771E-4	-0.00116269	-0.00201681	-8.60046E-4	-6.55578E-4	-0.00143518	-0.00110562	-0.0016604	-0.00153784
450	0.00137299	0.00256616	-7.36663E-4	4.26334E-5	-1.2799E-4	6.40902E-6	6.68732E-4	-7.45605E-4	-2.93823E-4	-1.26465E-4	-4.35882E-4	-2.35138E-4	-4.22665E-5	-0.00124338	-1.12152E-4	-8.60382E-4	-0.00103983	-0.00134286	-0.00127026	-0.00146652	-0.00176071	-6.91375E-4	-0.00190717	-0.00108737	-0.00181134	-0.00127188	-0.0018226
449	0.00140942	0.00182654	-5.10589E-4	1.35285E-4	-2.98736E-4	-3.5672E-4	3.86628E-4	-8.50677E-4	-4.29992E-4	-4.81872E-4	-2.55035E-4	-0.00104916	-7.84362E-4	-0.00154434	-0.00125046	-0.00102798	-0.00112222	-0.00150073	-0.00152408	-0.00110022	-0.00210178	-0.00161371	-0.00147858	-0.00109921	-0.00148056	-0.00171622	-8.04412E-4
448	0.0011369	0.00159033	-0.00176691	-9.84039E-4	-8.72375E-4	-9.51995E-4	-0.00166391	-0.00125488	-0.00135068	-0.00126926	-0.0013884	-0.00220758	-0.00178519	-0.00258456	-0.00234466	-0.0019613	-0.00232312	-0.0022728	-0.0023826	-0.00169437	-0.00291232	-0.00253311	-0.00248785	-0.00217789	-0.00180405	-0.0030397	-0.00186615
447	0.00161136	0.00152579	-0.00203067	7.82769E-5	-4.85871E-4	-1.73493E-4	-0.00116965	-0.00123337	-0.00143106	-6.34553E-4	-0.00141199	-0.00189929	-0.00151025	-0.00239978	-0.00121088	-0.00139258	-0.00163141	-0.0016243	-0.00144855	-0.00163925	-0.00159241	-0.00207889	-0.00240445	-0.00213467	-0.00195648	-0.00234323	-0.00217835
446	0.00165863	0.00167712	-0.00152429	5.61535E-6	-7.30957E-4	1.56616E-4	-2.7655E-4	-0.00114267	-2.47496E-5	-5.98114E-4	-8.80371E-4	-0.00175406	-0.00137588	-0.00229337	-1.09314E-4	-0.00135345	-0.00124539	-0.00154489	-5.97595E-4	-0.00118201	-0.00158618	-7.35474E-4	-0.0012117	-7.03674E-4	-0.00117877	-0.00181638	-0.00111005
445	0.00209958	0.00295758	-5.88043E-4	3.17444E-4	-8.86017E-4	2.27875E-4	2.77466E-4	2.96204E-4	-4.91028E-5	2.6001E-4	-4.80072E-4	-6.05804E-4	-0.00121454	-0.00182449	5.08423E-5	3.5553E-5	-0.00146445	-0.00104636	-2.052E-4	-0.00128842	-0.00176947	-0.00122458	-8.71216E-4	-0.00132019	-8.44147E-4	-0.00132169	-6.23749E-4
444	0.00246039	0.0024855	-7.18811E-4	5.61218E-4	-3.19275E-4	7.14081E-4	4.31397E-4	7.17774E-4	-6.76513E-4	-5.49925E-5	1.63391E-4	-6.63238E-4	-9.68292E-4	-0.00189072	-5.95856E-4	8.26113E-5	-0.00176504	-0.00192316	-3.37828E-5	-0.00142041	-5.2951E-4	-0.00238184	-0.00151804	-0.00135751	-0.00145895	-0.00124255	-2.84759E-4
443	7.01935E-4	0.00171033	-0.00249554	-7.17987E-4	-7.55829E-4	-2.38983E-4	-8.79853E-4	-5.37812E-4	-0.00161005	-0.00160312	-9.13819E-4	-0.00150876	-0.00194702	-0.0025546	-5.91431E-4	-0.00156223	-0.00176245	-0.00268311	-0.00130911	-0.00184378	-0.00169635	-0.00272382	-0.00214902	-0.00142102	-0.00253165	-0.00226926	-0.00114417
442	0.00104242	0.0019827	-0.00144547	-8.30353E-4	-9.54681E-4	-2.75238E-4	-0.00103366	-3.93829E-4	-0.00117868	-0.00183331	-0.00138464	-8.09235E-4	-0.00175558	-0.00113696	-0.00106052	-0.00110022	-0.00160184	-0.00196548	-0.0015502	-0.00192044	-0.00152118	-0.00265189	-0.00176938	-0.00110461	-0.00208295	-0.00218851	-0.00158255
441	0.00271918	0.00244696	-1.64733E-4	1.95396E-6	2.26594E-4	7.47681E-4	-5.07232E-4	-4.87975E-4	4.38752E-4	-4.72228E-4	-5.66703E-5	-2.83233E-4	-2.08007E-4	-3.16161E-4	-0.00119589	3.68623E-4	-8.30321E-4	-4.24987E-4	-9.72106E-4	-6.08672E-4	-0.00168655	-0.00149185	-0.00136841	1.15571E-4	-9.27001E-4	-0.00134686	-0.00114404
440	0.00215341	0.00226529	1.88019E-4	2.03308E-4	5.81974E-5	2.14569E-4	-1.26312E-4	-0.00132352	3.05359E-4	-7.58663E-5	-5.37811E-4	-7.8363E-4	-4.1214E-4	-5.63598E-4	-0.00169669	-1.36444E-4	-0.00131949	-0.00149188	-3.80615E-4	1.62968E-5	-0.00146451	-0.00144122	-0.00103772	-8.05053E-4	-0.00124206	-8.74511E-4	-0.00103259
439	9.41315E-4	8.88947E-4	-0.00138541	-8.0664E-4	-0.00191385	-4.37255E-4	-0.00114169	-0.0017276	-0.0020556	-0.00144604	-0.00210202	-0.00103827	-0.00142618	-0.00120282	-0.00182922	-0.00153714	-0.00241406	-0.00253375	-6.87835E-4	-0.00175598	-0.0024964	-0.00280917	-0.00157529	-0.00255978	-0.00220712	-0.00206854	-0.00218085
438	7.57721E-4	0.00254819	-0.00103317	-0.00107483	-9.23065E-4	-2.29126E-4	-4.52117E-4	-6.05529E-4	-0.00164261	-0.00154239	-0.00127591	-0.00116162	-0.00133581	-0.0012204	-0.00169543	-0.00141467	-0.00191183	-0.00127216	-0.00166675	-0.00222946	-0.00241217	-0.00186179	-0.00201587	-0.00216669	-0.00148141	-0.00223981	-0.00156729
437	0.00162015	0.00272528	-5.94391E-4	-6.59759E-4	-1.73523E-4	6.31104E-5	-6.33667E-4	-1.77948E-4	-3.22021E-4	-0.00137549	-0.00195804	-0.00141568	-0.00174484	-0.00187567	-0.00139975	-0.0013421	-0.00263049	-0.00101178	-0.00202203	-0.0014426	-0.00196149	-0.00126697	-0.00190262	-6.24481E-4	-7.26288E-4	-0.00224634	-0.00233066
436	0.00224133	0.00199875	-4.20014E-4	2.32971E-4	2.09747E-4	2.27046E-5	-2.32514E-4	-8.68073E-4	5.38024E-4	-0.00160095	-0.00113782	-4.3335E-4	-8.26264E-4	-0.00141333	-0.00117111	-4.63929E-4	-0.0018472	-0.00171372	-0.00131772	-8.17109E-4	-0.00138104	-0.001233	-0.00141534	-0.00103159	-9.05701E-4	-0.00172369	-0.00180237
435	0.00101855	0.0012879	-0.00119135	-0.00109219	-8.06279E-5	-0.00127048	-0.00110446	-0.00144949	2.56286E-4	-0.00157474	-0.00154837	-9.67133E-4	-0.0010849	-0.00179874	-0.00220154	-0.00126804	-0.00167841	-0.00163886	-8.23731E-4	-0.00107541	-0.00156406	-0.00223053	-0.00297232	-0.00215564	-0.001354	-0.0022771	-0.00198096
434	0.00173529	0.0021149	-0.00124695	-9.53429E-4	-4.87945E-4	-3.60625E-4	-9.64294E-4	-0.00162356	-8.67301E-5	-9.31579E-4	-0.0011911	-4.41131E-4	-8.4323E-4	-0.00175317	-0.00191147	-7.49328E-4	-0.0020502	-0.00182263	5.93659E-4	-6.19018E-4	-0.00214169	-0.00141852	-0.00222522	-0.0015972	-0.00107416	-8.58764E-4	-0.00174835
433	0.00109631	0.00283609	-7.89673E-4	-4.17602E-4	6.9397E-5	1.42548E-4	-1.58325E-4	-9.35364E-4	-3.8678E-4	-6.30707E-4	-3.31238E-4	-1.88599E-4	-8.71582E-4	-0.00180084	-0.00127899	-6.69617E-4	-0.00208377	-0.00118631	8.40637E-4	-8.9682E-4	-0.00158395	-0.00152853	-0.00194482	-7.44812E-4	-0.0012193	-7.29248E-4	-0.00114111
432	-3.82086E-5	0.00214267	-0.00210257	-0.00195087	-0.00181992	-4.79615E-4	-0.00163602	-0.00221524	-0.00120026	-0.00253876	-0.00137003	-0.00137235	-0.00174246	-0.00228757	-5.85084E-4	-0.00197714	-0.00277622	-0.00237445	-0.00135696	-0.00224548	-0.00244461	-0.00244528	-0.00328955	-0.0029841	-0.00293698	-0.0027012	-0.0017045
431	9.1922E-4	0.00179651	-0.00162579	-0.00108374	-0.00180139	-6.9986E-4	-7.35352E-4	-0.00223044	-0.00129211	-0.00275275	-0.00155112	-0.00184683	-0.00143723	-0.00169449	-4.82392E-4	-0.00192584	-0.00275769	-0.00167191	-0.00171524	-0.00187796	-0.00221231	-0.0018541	-0.00294391	-0.00243329	-0.0014447	-0.00236362	-0.00182455
430	0.00207877	0.00205499	-1.71387E-4	-7.94923E-4	-5.41261E-4	2.00469E-4	-3.61054E-4	-0.00145819	-5.06837E-4	-0.00167532	-7.43409E-4	-0.00113425	-9.7519E-4	-0.00164429	-4.99787E-4	-3.85926E-4	-0.00181778	-7.6648E-4	-0.00107877	-0.00165756	-0.00207889	-8.44025E-4	-0.00170487	-0.00131662	-0.00113507	-0.00180924	-0.00156738
429	0.00227597	0.00120709	-8.16346E-4	-0.00179837	-0.00145416	-6.24879E-4	-0.00187912	-0.00194748	-4.81965E-4	-0.00136331	-0.00149628	-8.32459E-4	-0.00147131	-0.00232306	-0.00119782	-7.76124E-4	-0.00150263	-0.00218222	-0.00105032	-0.00213232	-0.00169626	-0.00166626	-0.00168701	-0.00150427	-0.00169266	-0.00235761	-0.00244467
428	0.00233691	0.00216617	-7.56532E-4	-9.13331E-4	-5.43641E-4	-9.17268E-4	-0.0015556	-2.50794E-4	1.44256E-4	-0.00136551	-0.00131519	-2.60865E-4	-8.81715E-4	-0.00217053	-0.00218665	-0.00125522	-0.00103	-0.00216214	-7.70478E-4	-0.00153864	1.31135E-6	-0.00161615	-0.00141602	-0.0012417	-0.0014343	-0.0018685	-0.00160263
427	9.71283E-4	0.0013284	-0.00142499	-0.00228455	-0.00179953	-6.13342E-4	-0.00152747	-0.00167725	-0.001802	-0.00217551	-0.00209186	-8.56445E-4	-0.00193973	-0.00267776	-0.00208832	-0.00166287	-0.00185486	-0.00336984	-0.00211453	-0.00209735	-0.0011991	-0.00258859	-0.00239633	-0.00188409	-0.00254608	-0.00347021	-0.00259369
426	4.60209E-5	5.59754E-4	-0.00155063	-0.00322763	-0.00196762	-0.0017012	-0.0013331	-0.00224353	-0.0016738	-0.00245013	-0.00212912	-0.00144421	-0.00204114	-0.00206598	-0.00229382	-0.0017453	-0.00161557	-0.00344565	-0.00229459	-0.00188821	-0.00246652	-0.0028855	-0.0032804	-0.00252084	-0.00298318	-0.00364252	-0.00344949
425	1.2857E-4	2.73071E-4	-0.00135629	-0.00218741	-0.00155325	-0.00177322	-0.00221234	-0.001547	-0.00147418	-0.00295435	-0.00214307	-0.00186148	-0.00235855	-0.00203421	-0.00249606	-0.00189987	-0.00224481	-0.00275201	-0.00183536	-0.0026058	-0.00315524	-0.00309653	-0.00305414	-0.0024809	-0.00244019	-0.00180917	-0.00357132
424	-6.33554E-5	8.82567E-4	-0.00151202	-0.00233005	-0.00175784	-0.00136826	-0.00236163	-0.00221817	-0.0016665	-0.0027338	-0.00229721	-0.00148657	-0.00312421	-0.00207208	-0.00202316	-0.001672	-0.00325467	-0.00296118	-0.0024866	-0.00312158	-0.00226007	-0.00233862	-0.00280338	-0.00284897	-0.00325839	-0.00192276	-0.00304639
423	0.0022291	0.00278937	2.41273E-4	-2.95379E-4	1.20423E-4	7.03736E-4	-3.13079E-4	-4.57214E-4	1.11787E-4	-2.18017E-4	-6.25854E-4	-8.05352E-5	-0.00100336	-2.31011E-5	-2.0877E-4	-1.0736E-4	-0.00107935	-0.00103937	-6.13281E-4	-0.00116516	-0.00103793	-3.43231E-4	-0.00134927	-4.16259E-4	-0.00156399	-0.00104498	-0.00122073
422	0.00116849	0.00217618	-5.40406E-4	-7.99226E-4	-5.3241E-4	4.40276E-4	-7.83265E-4	-5.5948E-4	-1.4911E-4	-6.45692E-4	-0.00131915	-0.00174374	-7.05903E-4	-0.00166678	-0.00152481	-0.00133307	-0.00221741	-0.00168314	-0.00103302	-0.00176556	-0.00163461	-0.0018251	-0.0021644	-0.00210941	-0.00164374	-0.00152176	-0.00168469
421	4.66676E-4	8.01911E-4	-0.00115817	-0.0017962	-0.00136273	-0.00113147	-0.00179166	-0.00151361	-0.00156421	-0.00224203	-0.00231473	-0.00143579	-0.00232397	-0.00206076	-0.00184619	-0.00211807	-0.00219922	-0.00245892	-0.00223917	-0.00237353	-0.00227759	-0.00278369	-0.00319	-0.00249213	-0.0024599	-0.00210745	-0.0020387
420	8.92364E-4	6.9049E-4	-0.00179004	-0.00195224	-0.00121704	-0.00195218	-0.00140506	-0.00149634	-0.00149307	-0.00214584	-0.00165085	-9.90815E-4	-0.00196216	-0.00163214	-0.00115332	-0.00122608	-0.00187012	-0.00216748	-0.00240744	-0.00209323	-0.002745	-0.00186728	-0.00238663	-0.00130341	-0.0016456	-0.00227091	-0.00204889
419	0.00166357	8.09906E-4	-0.00197311	-0.0013837	-6.3089E-4	-9.44489E-4	-0.00132437	-0.00108304	-0.0010452	-0.0013494	-5.11292E-4	-0.00159735	-0.001715	-0.00214523	-6.64276E-4	-0.00154007	-0.00152612	-0.00208368	-0.00170764	-0.00200339	-0.00282224	-0.00195017	-0.00157227	-0.00150668	-0.00104578	-0.00186658	-0.00244888
418	0.00142346	0.00134869	-0.00160742	-0.00140845	-2.39563E-5	-0.00155334	-0.00105994	-0.00132407	-0.00104639	-0.00283917	-0.00129935	-0.00230322	-0.0014603	-0.00187241	-0.00133768	-0.00175433	-0.00193777	-0.00269379	-0.00199579	-0.00247357	-0.00227686	-0.00211862	-0.00155869	-0.00241364	-0.00212408	-0.00158078	-0.0027962
417	0.001431	0.00245694	-9.04756E-4	-7.45881E-4	8.29528E-4	-7.27845E-4	-5.81819E-4	-5.02015E-4	3.17068E-5	-0.00154807	-8.94105E-4	-0.00187369	-2.78382E-4	-8.33375E-4	-3.64655E-4	-0.00104291	-0.00146143	-0.00164343	-6.07545E-4	-0.00160495	-0.00130087	-0.00111926	-0.00116754	-0.00180905	-0.0015704	-0.00130969	-0.00118222
416	0.00157889	0.00188345	-0.0016185	-7.25952E-4	7.17744E-4	1.28632E-4	-5.49468E-4	-5.60821E-4	5.19044E-4	-3.66699E-4	-7.24517E-4	-0.00175647	-8.07281E-4	-6.55792E-4	-9.8825E-4	-0.00165561	-9.56451E-4	-0.00158426	-0.00109808	-0.00152676	-8.31573E-4	-7.20275E-4	-9.42809E-4	-0.00188083	-8.06487E-4	-0.00197348	-0.00111313
415	7.2235E-4	2.01103E-5	-0.00184866	-0.00121243	-1.43067E-4	-4.48396E-4	-0.00167456	-0.00112851	-0.00120209	-0.00116513	-0.00115274	-0.00263498	-0.00194119	-7.96113E-4	-0.00187988	-0.00242014	-0.00156824	-0.00181583	-0.00218655	-0.00214874	-0.00193176	-6.87501E-4	-0.00236096	-0.00225144	-0.00216742	-0.00234021	-0.00257636
414	0.00143649	4.30328E-4	-9.98994E-4	-8.11372E-4	-3.52485E-5	-5.81391E-4	-0.00140073	-2.79023E-4	-0.00101926	-7.08741E-4	6.53679E-5	-8.18879E-4	-0.00127768	-2.99897E-4	-8.65266E-4	-0.00118689	-0.00183389	-0.00144605	-0.00107031	-7.14234E-4	-0.00177728	-4.72626E-4	-0.00197546	-0.00190564	-0.00126569	-0.00147174	-0.00199094
413	0.00157523	0.00120767	-3.26142E-4	-3.86781E-4	-6.43013E-5	-7.00684E-4	-6.22864E-4	6.0443E-4	-7.11823E-4	1.10168E-4	0.00131988	3.96667E-4	-2.45606E-4	-1.62202E-4	-2.03645E-4	-2.8418E-4	-0.00129733	-0.0011127	-2.34284E-4	-0.00134174	-7.22779E-4	-7.69349E-4	-8.77564E-4	-0.00108606	-5.16724E-4	-0.00142322	-0.00137518
412	0.00153299	0.00290289	-6.57775E-4	-5.20232E-4	-4.71374E-4	-1.13097E-4	2.06055E-4	9.53736E-4	-3.79424E-4	1.02082E-4	8.0948E-4	9.96247E-4	4.19678E-4	-2.96508E-4	5.46272E-5	7.93061E-4	-8.35723E-4	2.71681E-6	-9.87236E-5	-0.00128686	-8.8919E-4	-0.00115185	-5.30822E-4	-7.39471E-4	-6.35986E-4	-0.00122388	-6.94183E-4
411	0.00200162	0.00221701	-0.00132266	-3.86505E-4	7.23292E-6	8.36701E-4	5.11322E-4	-5.5365E-4	-4.56604E-4	-1.80816E-4	-5.85754E-4	1.178E-5	2.80121E-4	-2.68585E-4	-4.33624E-4	-5.9448E-5	1.50513E-4	-0.00103659	-7.21039E-4	-0.00145367	-0.00134497	-0.00190817	-0.00190332	-0.00122623	-5.09796E-4	-9.72473E-4	-7.36755E-4
410	0.00160202	0.00184058	-7.85705E-4	-9.80829E-5	3.14515E-4	7.63251E-5	4.15742E-4	-7.1585E-4	4.66767E-4	3.7171E-5	2.6355E-4	3.52265E-4	-5.09124E-4	6.71204E-4	8.89496E-4	-4.10003E-4	-4.46716E-4	-3.10882E-4	-3.06304E-4	-0.00103259	-0.0012377	-0.00157831	-0.00132367	-8.1665E-4	-0.00113852	-0.00130521	-3.82049E-4
409	0.00107635	0.00194113	-8.53181E-4	-4.23707E-4	6.95795E-5	-4.49067E-4	3.39691E-4	7.93823E-4	6.11511E-4	7.11761E-4	0.00102982	7.53112E-4	-5.12849E-4	4.38567E-4	9.41284E-4	1.59423E-4	-0.00121524	5.63506E-4	-7.12159E-4	-9.56086E-4	-7.70478E-4	-7.29157E-4	-2.20643E-4	-8.48023E-4	-0.00135846	-8.04017E-4	-0.00122974
408	0.00138443	0.00181339	-4.11621E-4	-5.07995E-4	2.82502E-4	8.12378E-4	4.83338E-4	0.00154013	0.00104999	0.00121372	0.00181384	0.0015412	8.5846E-4	5.63874E-4	6.79139E-4	2.27265E-4	-4.57611E-4	3.97217E-4	-4.92553E-4	-6.05773E-4	-2.00622E-4	-6.73065E-4	2.75208E-4	-4.14428E-4	-7.41149E-4	-8.89709E-4	-0.00179575
407	0.00170505	0.00221487	-3.58826E-4	9.28339E-5	3.95782E-4	4.68505E-4	9.0451E-4	0.0016593	0.00189792	0.00159643	0.00311398	0.00190784	0.00119894	0.00140485	0.00134186	2.77435E-4	-4.24927E-4	-1.27259E-4	6.80633E-4	-8.58465E-5	-1.87287E-4	-7.35383E-4	-2.28608E-4	-1.27808E-4	-2.72645E-4	-3.11895E-5	-0.00100314
406	6.65557E-4	0.00175488	-8.6786E-4	-2.33918E-4	-2.42402E-4	3.69475E-4	7.13378E-4	8.63616E-4	0.00123004	0.00143884	0.00148276	0.0011019	9.02465E-4	0.00135809	0.00190811	8.46953E-4	-6.38612E-4	-7.51466E-4	-4.99909E-4	1.97997E-4	-9.83277E-4	-0.00121353	-0.00136334	-9.19526E-4	-0.00163541	-6.37666E-4	-0.00169571
405	4.2871E-4	0.00160751	3.96417E-5	4.47234E-4	-3.16559E-4	4.84313E-4	2.77343E-4	0.00190332	0.00205151	0.00201144	0.00221747	0.00257144	0.00221744	0.00149948	0.00306262	0.00129532	6.45538E-4	9.15557E-4	-2.36451E-4	4.6817E-4	-4.54957E-4	-6.24512E-4	-8.61512E-4	-5.44923E-4	-0.00132224	-0.00128159	-0.0010827
404	5.30791E-4	0.001896	-9.49342E-4	-2.65586E-6	1.88842E-4	7.89245E-4	9.63195E-4	0.0024602	0.00251089	0.00273444	0.00320468	0.00487576	0.00380444	0.00212677	0.00358844	0.00177106	0.00162595	6.43706E-4	0.0010188	2.11059E-4	5.23986E-4	-3.05146E-4	1.46758E-4	-1.00861E-4	-6.83472E-4	-5.60731E-4	-0.00157382
403	0.00174387	0.00206317	-5.61249E-4	2.26501E-4	3.76678E-4	0.00159906	0.00291116	0.00366867	0.00373694	0.0037699	0.0042168	0.00493686	0.00490979	0.00495938	0.00440143	0.00293112	0.00300433	7.7948E-4	0.00169424	4.12842E-4	0.00160419	4.05304E-4	-4.17053E-4	2.97546E-4	-4.50012E-4	6.29608E-4	-8.14301E-4
402	0.00181195	0.00314041	-2.83905E-4	-1.84967E-4	-1.29456E-4	0.00206265	0.00291293	0.00418561	0.00560571	0.00538705	0.00582086	0.00612048	0.00623004	0.00665619	0.00665948	0.00421182	0.00387115	0.00165243	0.0014892	4.68261E-4	0.00112366	3.79791E-4	-9.05365E-4	1.62963E-4	-6.86341E-4	1.90643E-4	-4.11835E-4
401	0.00169476	0.00297668	-2.33093E-4	2.67242E-4	8.83667E-4	0.00246963	0.00416061	0.00620889	0.00823349	0.00840762	0.00846014	0.0102088	0.0104043	0.00969251	0.0101238	0.00783636	0.00555923	0.00309567	0.00229034	0.00229269	0.00203787	0.00144144	0.00112183	7.00256E-4	0.00104266	0.00160986	-1.76394E-5
400	0.00173044	0.0012749	-8.65479E-5	6.17706E-4	0.00208847	0.00354349	0.00626462	0.0085499	0.0104492	0.0121039	0.0118344	0.0132604	0.0137639	0.0130458	0.0134268	0.0107721	0.00792551	0.0044325	0.00421191	0.00320905	0.00346191	0.00246719	0.00270038	0.00193015	0.00191336	0.00243607	0.00101059
399	0.00103342	0.00181274	-3.17872E-4	0.00119626	0.00300351	0.00566916	0.00740436	0.0111056	0.013652	0.0150255	0.0178293	0.0168734	0.0177788	0.0180301	0.017856	0.0144522	0.0105114	0.00657092	0.00620554	0.0046246	0.00395569	0.00415262	0.00288742	0.00367743	0.00359683	0.00323822	0.00247687
398	0.00277493	0.00290106	7.78352E-4	0.00250256	0.00444962	0.00720905	0.0105308	0.0158462	0.0190053	0.0202553	0.0232358	0.0224612	0.0246623	0.0245461	0.0237815	0.0200663	0.0145516	0.0096391	0.0075343	0.00722431	0.00538889	0.00502234	0.00524408	0.00500055	0.00556363	0.00445133	0.00343918
397	0.00278076	0.00290381	0.00154193	0.00310821	0.00555722	0.00968146	0.0139177	0.0194517	0.0244852	0.0258922	0.0281356	0.0301619	0.0318694	0.0330559	0.0317275	0.0266327	0.0202189	0.014409	0.0103676	0.00857004	0.00700073	0.0066109	0.00676581	0.00574347	0.00633246	0.00506973	0.00494897
396	0.00249551	0.00231143	0.00119751	0.00409033	0.00722864	0.013074	0.0178548	0.0249409	0.0328761	0.0345619	0.0388394	0.0398294	0.0407013	0.0437368	0.0425333	0.0335486	0.0255065	0.0184361	0.0136974	0.0104485	0.0105234	0.00842096	0.00755743	0.00848016	0.0077475	0.00734094	0.00680261
395	0.00247668	0.00340469	0.00187146	0.00501736	0.0099256	0.0175839	0.023097	0.0316756	0.0413437	0.0443483	0.0487339	0.0497379	0.0512575	0.0559616	0.0533732	0.0438019	0.0338828	0.0226196	0.0181793	0.0156728	0.0144074	0.0119873	0.0103493	0.0118132	0.0115556	0.0117531	0.00969983
394	0.00274179	0.00399399	0.00333795	0.00623364	0.012509	0.0207188	0.0291487	0.0402444	0.0510738	0.0535147	0.0593585	0.0626496	0.0644828	0.0697084	0.0663599	0.0561248	0.0420404	0.0277088	0.0236188	0.01938	0.0167553	0.0157878	0.013325	0.0149052	0.0144957	0.0150697	0.0129161
393	0.0021572	0.00455563	0.00353891	0.00834482	0.0157195	0.0258036	0.0365175	0.0491502	0.0639495	0.0682392	0.0752919	0.0776313	0.0802543	0.0831763	0.0827043	0.0708722	0.0510315	0.0346566	0.0283732	0.0241407	0.0204503	0.0195147	0.0181636	0.0188871	0.017559	0.0181157	0.0170444
392	0.00281958	0.00487964	0.0045918	0.0110538	0.0192076	0.0312293	0.0445306	0.0582255	0.0764727	0.0831084	0.0911052	0.0955439	0.100016	0.101061	0.0996226	0.0872171	0.0615656	0.0435623	0.0348761	0.0299538	0.0267205	0.0253813	0.024712	0.024325	0.0208964	0.0226745	0.0214709
391	0.00311096	0.00540216	0.00573389	0.0131128	0.0235997	0.0389926	0.0535142	0.0712383	0.0930661	0.09925	0.106588	0.115457	0.120675	0.123137	0.119815	0.103033	0.0748556	0.0555472	0.0446713	0.0365146	0.0341043	0.032898	0.0305141	0.0301577	0.0269008	0.028934	0.0289463
390	0.00182782	0.00422922	0.00561267	0.0150011	0.0272209	0.0457798	0.0619457	0.0836992	0.107239	0.113609	0.123882	0.132885	0.137748	0.14262	0.139007	0.118497	0.0880395	0.0663786	0.052777	0.0447728	0.0412771	0.0401119	0.0358069	0.0354735	0.0343813	0.0344386	0.0362897
389	0.00373486	0.00763815	0.00848276	0.0189534	0.0331252	0.0521734	0.0736	0.0991928	0.123282	0.131884	0.142784	0.153015	0.158387	0.165504	0.163127	0.136415	0.103345	0.078288	0.0627031	0.0549155	0.0514859	0.0490794	0.0463765	0.0455352	0.0443297	0.045034	0.0475248
388	0.00533035	0.0102374	0.0117497	0.0226982	0.0398147	0.0586047	0.0852577	0.11301	0.138885	0.149328	0.160229	0.172303	0.177146	0.186548	0.182619	0.155612	0.117545	0.0910051	0.0738897	0.0652564	0.0623215	0.0587607	0.0573046	0.0559897	0.056229	0.0556458	0.0581778
387	0.00610104	0.0100468	0.0147395	0.0268573	0.0454744	0.0660369	0.0948827	0.125276	0.153913	0.164346	0.177071	0.188018	0.193935	0.203023	0.197525	0.17247	0.131064	0.100968	0.0875803	0.0767097	0.0718804	0.0701233	0.0697642	0.0658835	0.0701797	0.0677923	0.0701232
386	0.00694595	0.011439	0.0169238	0.0300796	0.0492302	0.0730551	0.101896	0.134855	0.166513	0.177191	0.191049	0.198776	0.210234	0.217557	0.214405	0.187824	0.146472	0.114419	0.0999206	0.0891978	0.0825964	0.0820789	0.0792265	0.0786685	0.0817948	0.0800844	0.0854024
385	0.00865881	0.0142033	0.0188521	0.0340212	0.0539647	0.0823801	0.112416	0.145711	0.174828	0.187602	0.204474	0.209095	0.220704	0.231097	0.226059	0.202451	0.162859	0.129274	0.112822	0.102047	0.0966388	0.0953231	0.0907606	0.0938392	0.0946741	0.0946966	0.102971
384	0.00910989	0.0150086	0.0217863	0.0371563	0.0621024	0.0917959	0.122028	0.154904	0.185256	0.198971	0.211206	0.221107	0.233659	0.241847	0.235795	0.213392	0.175433	0.142344	0.125898	0.113914	0.10986	0.107917	0.104291	0.109258	0.110207	0.11191	0.118099
383	0.00912677	0.01467	0.0242463	0.0386498	0.0665647	0.0976459	0.127711	0.162214	0.196666	0.207378	0.219915	0.230623	0.241575	0.249238	0.244523	0.221724	0.187151	0.154492	0.137545	0.126523	0.120705	0.121	0.119396	0.123475	0.124859	0.128082	0.133586
382	0.0101116	0.01629	0.0271068	0.0416739	0.0684862	0.098432	0.131496	0.166763	0.203546	0.216748	0.225906	0.234284	0.24363	0.253512	0.251303	0.228458	0.192412	0.164522	0.147986	0.138388	0.132303	0.130467	0.132394	0.132276	0.137436	0.141918	0.146636
381	0.0116886	0.0174439	0.0268179	0.0459144	0.0714549	0.102028	0.136941	0.170012	0.203283	0.218825	0.229635	0.240898	0.247028	0.256246	0.253993	0.231516	0.197503	0.171414	0.157619	0.145	0.145137	0.140811	0.144266	0.143845	0.150197	0.15476	0.159263
380	0.0123648	0.0193203	0.0282775	0.0488941	0.0740605	0.107282	0.141917	0.176243	0.203322	0.21605	0.232816	0.24395	0.252764	0.25471	0.258515	0.235845	0.202157	0.176423	0.164241	0.155551	0.154453	0.150328	0.151737	0.153019	0.156852	0.16363	0.168732
379	0.0122289	0.0202133	0.030768	0.0490671	0.0771215	0.1075	0.140153	0.177251	0.203261	0.219056	0.23517	0.244885	0.251465	0.258725	0.262455	0.236191	0.205377	0.180031	0.165903	0.160964	0.157848	0.155246	0.15637	0.159372	0.161458	0.172098	0.177887
378	0.0122956	0.0202971	0.0305222	0.0516659	0.0784161	0.106739	0.140114	0.177787	0.206673	0.220842	0.232463	0.246245	0.254457	0.261137	0.258558	0.237643	0.208884	0.187204	0.17383	0.16674	0.162302	0.160068	0.162007	0.165227	0.168483	0.17346	0.180406
377	0.0133743	0.0212874	0.0313707	0.0512065	0.0775313	0.10679	0.144184	0.178599	0.210427	0.221118	0.234055	0.24419	0.256135	0.258907	0.259117	0.239116	0.211958	0.191938	0.178203	0.171372	0.166516	0.164564	0.165656	0.168918	0.172438	0.176804	0.18174
376	0.0148294	0.0216279	0.0329983	0.0515446	0.0761357	0.108514	0.145452	0.176461	0.213275	0.220932	0.235679	0.245498	0.253892	0.255867	0.258974	0.239614	0.209789	0.192995	0.179041	0.170406	0.169144	0.166353	0.166233	0.171929	0.173769	0.181712	0.184605
375	0.0160313	0.0230613	0.0342555	0.0520791	0.0770274	0.108705	0.141805	0.176928	0.213637	0.223294	0.235992	0.246698	0.258274	0.261218	0.2618	0.24306	0.212296	0.191364	0.183694	0.173689	0.17048	0.170238	0.169537	0.172786	0.178665	0.182313	0.186051
374	0.0153037	0.0241572	0.0334651	0.0520634	0.0781219	0.108896	0.141914	0.177587	0.211742	0.224357	0.237956	0.247727	0.2572	0.263382	0.264684	0.2444	0.219838	0.196126	0.186836	0.178243	0.172391	0.173346	0.172561	0.175111	0.177109	0.184475	0.187802
373	0.0147108	0.0222474	0.0324405	0.0517968	0.0775795	0.107959	0.142996	0.181805	0.213039	0.224112	0.240812	0.246851	0.260363	0.266724	0.268736	0.249671	0.221025	0.198703	0.18532	0.176917	0.174081	0.173756	0.173506	0.175366	0.178532	0.184855	0.188767
372	0.0150452	0.0216008	0.0315676	0.0510147	0.0771809	0.108307	0.146289	0.182613	0.215886	0.227606	0.241696	0.251747	0.266949	0.270758	0.271328	0.256169	0.221981	0.197684	0.18332	0.179269	0.174554	0.174259	0.174233	0.173642	0.180411	0.187139	0.189432
371	0.0160104	0.0213063	0.0314707	0.0520607	0.0797576	0.109232	0.148863	0.183804	0.221925	0.234169	0.24837	0.260651	0.272141	0.275743	0.280056	0.26318	0.227034	0.205571	0.187824	0.182415	0.177434	0.174995	0.178112	0.176653	0.181858	0.18883	0.191701
370	0.0160915	0.0239463	0.0323136	0.0537118	0.0799849	0.112819	0.153843	0.189773	0.227317	0.241299	0.258572	0.268824	0.280018	0.28675	0.289224	0.270336	0.236584	0.212216	0.192424	0.188214	0.184577	0.180137	0.181259	0.179287	0.186348	0.186835	0.196513
369	0.0151137	0.0256355	0.0336357	0.0545207	0.0802235	0.116162	0.156056	0.193802	0.234	0.248411	0.262297	0.275311	0.286665	0.295739	0.296067	0.273232	0.241512	0.217391	0.198385	0.189658	0.188956	0.185053	0.184211	0.182001	0.18877	0.194439	0.198054
368	0.0158414	0.0246758	0.0353788	0.0555512	0.0832411	0.120448	0.157896	0.201093	0.239918	0.254353	0.267951	0.285154	0.292005	0.3053	0.306093	0.280273	0.248942	0.224874	0.2056	0.191907	0.193776	0.187254	0.190212	0.187262	0.194334	0.202739	0.201729
367	0.0161181	0.0248535	0.0368943	0.0570404	0.0869426	0.125517	0.163581	0.207868	0.245056	0.26219	0.275859	0.290327	0.304181	0.31145	0.316577	0.295741	0.258985	0.231552	0.213098	0.204648	0.199691	0.197714	0.19609	0.199384	0.204495	0.209072	0.21191
366	0.0164589	0.0253084	0.0359301	0.0585879	0.0892964	0.127044	0.166824	0.211752	0.250694	0.266596	0.286006	0.296993	0.314061	0.31821	0.317771	0.306698	0.267733	0.240084	0.22215	0.215112	0.20842	0.208377	0.206842	0.208595	0.213971	0.219054	0.223743
365	0.0172885	0.0253263	0.0361765	0.0597181	0.0915338	0.126483	0.167988	0.216368	0.257331	0.270103	0.28697	0.304483	0.315549	0.325917	0.321167	0.310817	0.278337	0.248023	0.233975	0.223686	0.217005	0.2207	0.219896	0.218345	0.224847	0.230475	0.235351
364	0.0179152	0.0257861	0.0387625	0.0602158	0.093109	0.131159	0.168794	0.219177	0.259849	0.276624	0.290331	0.30975	0.318529	0.32787	0.330695	0.318972	0.28713	0.254261	0.246982	0.236271	0.231149	0.233503	0.233024	0.234131	0.239964	0.245033	0.250227
363	0.0168444	0.0253546	0.0386321	0.0598816	0.091167	0.130069	0.171268	0.219672	0.260384	0.277603	0.290205	0.308033	0.32113	0.328735	0.334159	0.319562	0.293034	0.264732	0.256986	0.244667	0.246389	0.2447	0.24502	0.2468	0.252449	0.260307	0.266424
362	0.0175977	0.0271739	0.0394542	0.0618819	0.0929816	0.130357	0.176435	0.218551	0.265078	0.276746	0.290742	0.306095	0.319295	0.3326	0.338214	0.325137	0.298152	0.276268	0.26667	0.258482	0.259251	0.256226	0.256554	0.258657	0.264678	0.278706	0.283092
361	0.0183179	0.0280184	0.0414012	0.0638256	0.0934673	0.132253	0.174583	0.217145	0.264083	0.275224	0.293121	0.304994	0.319837	0.331844	0.339231	0.327781	0.304672	0.285297	0.277428	0.270788	0.272122	0.26953	0.266713	0.27105	0.282365	0.293216	0.298167
360	0.0183913	0.0285724	0.0400059	0.0624632	0.0933562	0.132231	0.173629	0.217967	0.261736	0.27574	0.293156	0.305665	0.317912	0.332007	0.335942	0.326905	0.310138	0.295532	0.288268	0.280477	0.282686	0.283767	0.281615	0.285888	0.294161	0.305957	0.31641
359	0.0193105	0.028265	0.0403754	0.0628385	0.0945845	0.1337	0.177018	0.216082	0.259391	0.272411	0.290932	0.30552	0.314429	0.326984	0.3363	0.327155	0.314153	0.304761	0.297807	0.292177	0.293676	0.294721	0.29523	0.29981	0.308502	0.316365	0.327827
358	0.0198623	0.028251	0.0413488	0.0648352	0.0945601	0.131531	0.173857	0.215724	0.258158	0.272637	0.290162	0.303845	0.315196	0.325207	0.331068	0.329079	0.322159	0.30808	0.30647	0.301811	0.304215	0.300443	0.304977	0.308285	0.322585	0.329543	0.338589
357	0.0196005	0.0270326	0.0390585	0.0636898	0.0919013	0.128399	0.17092	0.212033	0.253508	0.267684	0.285585	0.300963	0.314241	0.324273	0.325888	0.328443	0.321908	0.310723	0.313042	0.30932	0.311228	0.310381	0.311658	0.31568	0.328637	0.338123	0.345718
356	0.0207281	0.02763	0.0404219	0.0631645	0.0917298	0.127365	0.170026	0.212274	0.25147	0.262188	0.282574	0.296509	0.305926	0.318266	0.324771	0.330996	0.322365	0.32145	0.316148	0.315286	0.315526	0.321038	0.317498	0.322174	0.332949	0.344562	0.35192
355	0.0204764	0.0282589	0.0410504	0.0629283	0.0920677	0.1252	0.167906	0.210743	0.251517	0.26209	0.277718	0.29171	0.301959	0.314952	0.326797	0.328367	0.326981	0.326882	0.321477	0.321563	0.321784	0.325215	0.325238	0.330902	0.339204	0.352492	0.361008
354	0.0193754	0.0271172	0.0387331	0.0600146	0.0886266	0.122584	0.164553	0.207089	0.248428	0.260619	0.278643	0.286028	0.300265	0.310633	0.324716	0.325171	0.32949	0.324345	0.32507	0.325967	0.325457	0.327071	0.332156	0.337509	0.347393	0.359668	0.368043
353	0.0193043	0.0278481	0.037917	0.0584551	0.0878634	0.120941	0.165038	0.206174	0.24476	0.26003	0.2751	0.283752	0.293551	0.309726	0.32061	0.327586	0.329839	0.327633	0.330889	0.328929	0.333214	0.333655	0.33849	0.339537	0.353905	0.3669	0.376325
352	0.0199698	0.0284708	0.0384021	0.0583357	0.0864842	0.1237	0.163851	0.205383	0.240665	0.256851	0.268894	0.284777	0.293191	0.30889	0.320173	0.328717	0.331965	0.332475	0.337713	0.333744	0.341924	0.341528	0.346092	0.346365	0.359182	0.373909	0.384226
351	0.0192248	0.0275638	0.0371883	0.0576682	0.084601	0.121271	0.161895	0.202647	0.238915	0.257874	0.268036	0.285496	0.294437	0.306693	0.321818	0.3265	0.336222	0.337928	0.3426	0.341685	0.343329	0.346036	0.352278	0.352647	0.363987	0.375239	0.387906
350	0.018043	0.0270295	0.0367834	0.0577532	0.0843116	0.121392	0.162361	0.203005	0.239582	0.256049	0.26747	0.282727	0.292283	0.308287	0.318867	0.327487	0.336253	0.340297	0.344826	0.34839	0.349064	0.351957	0.358089	0.357711	0.369274	0.379168	0.393539
349	0.0183135	0.026679	0.0365262	0.0572862	0.0847021	0.120627	0.160391	0.199775	0.235745	0.251724	0.266758	0.280292	0.293621	0.307811	0.318413	0.330584	0.339073	0.340477	0.344548	0.353016	0.35245	0.355505	0.357436	0.362694	0.376716	0.386744	0.398122
348	0.0170099	0.0253979	0.0350504	0.0540157	0.0848034	0.117725	0.156324	0.196298	0.236444	0.246564	0.26405	0.281403	0.290903	0.304511	0.315056	0.328982	0.341133	0.345811	0.352548	0.355746	0.355365	0.358891	0.363704	0.368482	0.382709	0.394867	0.404055
347	0.0179152	0.0255408	0.0359496	0.054612	0.0847444	0.119336	0.157816	0.196529	0.235176	0.250035	0.261721	0.280704	0.289017	0.3026	0.315525	0.32849	0.340891	0.35364	0.356144	0.356015	0.360404	0.364405	0.37229	0.371532	0.388207	0.398465	0.415669
346	0.0185219	0.0266126	0.0356119	0.0577368	0.0836832	0.118064	0.158239	0.19497	0.232724	0.248677	0.262842	0.275761	0.288517	0.300627	0.316909	0.330379	0.342022	0.354903	0.353986	0.359499	0.363933	0.370185	0.375972	0.374225	0.392236	0.403997	0.417971
345	0.0172314	0.0257163	0.0354126	0.0556071	0.0806152	0.116726	0.155824	0.191532	0.231682	0.244691	0.256083	0.272118	0.283751	0.299834	0.313948	0.32969	0.341104	0.357039	0.361259	0.366442	0.370459	0.373171	0.376287	0.37718	0.395918	0.407142	0.422925
344	0.0171028	0.0238223	0.0362229	0.0545108	0.0800299	0.117179	0.154226	0.191388	0.230555	0.243416	0.253979	0.269697	0.279348	0.298795	0.309783	0.329788	0.341365	0.357588	0.365113	0.3721	0.372866	0.375406	0.379462	0.382244	0.40005	0.413145	0.428396
343	0.0175472	0.0234773	0.0359605	0.055104	0.0797451	0.115926	0.151036	0.190044	0.226547	0.238223	0.252302	0.26497	0.274246	0.289919	0.305009	0.329178	0.341789	0.356306	0.36576	0.374134	0.373544	0.376953	0.380424	0.384008	0.39943	0.416314	0.426787
342	0.0186467	0.0246588	0.0342307	0.0532513	0.0800624	0.114087	0.148573	0.189611	0.223915	0.235695	0.252856	0.26085	0.273103	0.29032	0.300815	0.325338	0.336949	0.35562	0.366984	0.371898	0.370744	0.376641	0.379185	0.389923	0.400541	0.413603	0.427192
341	0.0180666	0.024332	0.0342038	0.0521372	0.0796621	0.112803	0.146422	0.186049	0.223696	0.233671	0.248396	0.259394	0.266863	0.2862	0.297623	0.32099	0.336889	0.355706	0.360162	0.367881	0.369674	0.37553	0.376613	0.391167	0.401381	0.410248	0.422876
340	0.0168733	0.0240818	0.0354137	0.052304	0.079558	0.112036	0.144416	0.183368	0.218515	0.230806	0.244597	0.256259	0.265437	0.282734	0.293672	0.317607	0.333319	0.353732	0.359472	0.36698	0.369984	0.373717	0.376752	0.381706	0.398828	0.411296	0.424465
339	0.0165689	0.0248301	0.0335675	0.0534295	0.0788145	0.107983	0.139182	0.179359	0.21381	0.227241	0.242647	0.254436	0.264047	0.279333	0.293007	0.313546	0.332427	0.348712	0.355961	0.365428	0.368312	0.372893	0.376322	0.379794	0.393521	0.405552	0.423312
338	0.0170423	0.0242845	0.0351621	0.0529033	0.0776726	0.106336	0.138788	0.177485	0.212526	0.225151	0.239464	0.252806	0.263762	0.273055	0.289907	0.310113	0.331931	0.346592	0.353806	0.363297	0.366761	0.373072	0.374226	0.380784	0.393745	0.403246	0.421279
337	0.0156875	0.0245476	0.0334983	0.0502855	0.0770983	0.105357	0.140833	0.180669	0.212698	0.222278	0.234483	0.247742	0.263617	0.269098	0.286432	0.309088	0.330272	0.344359	0.350193	0.36075	0.366082	0.367806	0.369482	0.375606	0.389292	0.40084	0.412728
336	0.0150831	0.0237955	0.0312233	0.0507176	0.0754383	0.105524	0.137772	0.176568	0.208998	0.220575	0.234972	0.246068	0.261883	0.265331	0.286304	0.30727	0.325047	0.339728	0.345231	0.353123	0.358442	0.361693	0.368322	0.372435	0.387067	0.396095	0.408293
335	0.0155042	0.022008	0.0301493	0.0500649	0.074117	0.104488	0.139289	0.174908	0.206044	0.220144	0.233258	0.246092	0.258561	0.265041	0.284765	0.303459	0.323416	0.333312	0.343358	0.348554	0.355067	0.358856	0.363313	0.368568	0.38396	0.391725	0.403812
334	0.0155123	0.0213964	0.0300427	0.049897	0.0728579	0.103362	0.139638	0.177131	0.205502	0.220505	0.232601	0.243843	0.255287	0.267302	0.284895	0.304161	0.321156	0.331802	0.336664	0.341205	0.349122	0.349839	0.357192	0.361505	0.378125	0.387771	0.400654
333	0.0168362	0.022222	0.0319375	0.0490275	0.0733278	0.101377	0.138249	0.17595	0.206483	0.22149	0.234201	0.244803	0.255806	0.269258	0.281849	0.301065	0.315498	0.326173	0.334456	0.337205	0.343835	0.34361	0.353675	0.356073	0.372166	0.382605	0.397301
332	0.0172659	0.0220246	0.0319874	0.049069	0.0720059	0.101259	0.13759	0.17387	0.208489	0.219618	0.234949	0.242339	0.256485	0.269871	0.282011	0.294224	0.311901	0.321817	0.329168	0.335196	0.339205	0.340013	0.347687	0.352609	0.360418	0.376405	0.385204
331	0.0141907	0.0207262	0.0304881	0.0476964	0.072285	0.100978	0.1387	0.174441	0.206789	0.224341	0.234296	0.243968	0.25537	0.263969	0.278474	0.291739	0.307078	0.31863	0.322154	0.329807	0.3333	0.335725	0.338768	0.345988	0.355002	0.368914	0.378178
330	0.0146944	0.0207654	0.030739	0.0476992	0.0727788	0.101799	0.139561	0.173155	0.210641	0.224598	0.234854	0.250061	0.257521	0.268361	0.277474	0.29088	0.304488	0.314272	0.321192	0.326199	0.324458	0.333292	0.336442	0.340743	0.351778	0.364073	0.374486
329	0.0165561	0.0231874	0.0328627	0.049673	0.0758889	0.104953	0.140482	0.175562	0.212781	0.227354	0.236762	0.251921	0.261498	0.272256	0.276216	0.288883	0.302597	0.310387	0.31479	0.318391	0.322985	0.326254	0.334092	0.336646	0.346266	0.359733	0.36955
328	0.0169047	0.0226546	0.0325835	0.0494156	0.0768267	0.107213	0.140798	0.17932	0.214417	0.228552	0.237652	0.252219	0.264528	0.273829	0.281705	0.294339	0.301657	0.305314	0.306223	0.309293	0.319555	0.322041	0.32512	0.327153	0.342141	0.350919	0.364764
327	0.0167413	0.0226623	0.0324982	0.0486643	0.0777911	0.106767	0.14359	0.184607	0.215365	0.229444	0.241899	0.254763	0.267018	0.279502	0.287699	0.298231	0.298128	0.300862	0.302307	0.303584	0.313589	0.315829	0.317307	0.321518	0.338151	0.343917	0.354804
326	0.0159928	0.0220982	0.0313963	0.0500402	0.077965	0.106666	0.146228	0.187588	0.21888	0.232714	0.246044	0.262994	0.271625	0.282203	0.291742	0.297141	0.297837	0.300534	0.299002	0.303632	0.30637	0.310023	0.311158	0.316023	0.330705	0.33623	0.349132
325	0.0149134	0.0233732	0.0326807	0.0535894	0.0806042	0.112284	0.146098	0.188463	0.224558	0.236793	0.251741	0.267616	0.277462	0.289586	0.294362	0.294835	0.300011	0.29502	0.298548	0.301182	0.30021	0.304778	0.307168	0.310373	0.324742	0.328245	0.341242
324	0.0159846	0.0242983	0.0347183	0.0547714	0.0826518	0.115102	0.150289	0.191304	0.230801	0.244668	0.257888	0.272658	0.281638	0.295847	0.301583	0.300811	0.295425	0.294509	0.297724	0.29825	0.298087	0.296332	0.305625	0.308093	0.319525	0.327733	0.33652
323	0.0165713	0.0238405	0.0348361	0.0547949	0.0812456	0.115075	0.15467	0.196402	0.237008	0.250694	0.2677	0.277241	0.286089	0.301958	0.311646	0.304834	0.297567	0.290826	0.293128	0.294821	0.297331	0.295286	0.298294	0.303295	0.314994	0.327835	0.333776
322	0.0169648	0.0253996	0.0353097	0.0571296	0.0827032	0.120473	0.158047	0.201893	0.24543	0.255417	0.271896	0.28285	0.295683	0.310008	0.320365	0.307628	0.302001	0.291734	0.289233	0.291616	0.292441	0.296799	0.294586	0.299876	0.309304	0.323249	0.330709
321	0.0172748	0.0240298	0.0359166	0.057389	0.0861756	0.123552	0.163512	0.208931	0.248244	0.258164	0.274454	0.288295	0.302815	0.315331	0.324418	0.312305	0.303472	0.293593	0.286349	0.287662	0.288117	0.291783	0.288378	0.295086	0.306234	0.31621	0.32864
320	0.0173633	0.0251039	0.0367496	0.0571893	0.0889148	0.125613	0.166405	0.213205	0.248615	0.267681	0.279702	0.294676	0.309975	0.32049	0.325689	0.321473	0.30201	0.295205	0.289232	0.288956	0.286162	0.291489	0.286549	0.294691	0.304647	0.315083	0.322903
319	0.0183683	0.0258036	0.037205	0.0587135	0.0912018	0.12925	0.173236	0.215439	0.258115	0.27279	0.289513	0.302603	0.314521	0.329607	0.331302	0.327904	0.304434	0.295142	0.291774	0.288801	0.285218	0.294233	0.288677	0.294351	0.304796	0.315426	0.32295
318	0.0184332	0.0241608	0.0392681	0.0622277	0.0926876	0.130904	0.174007	0.21943	0.2667	0.27848	0.298252	0.310556	0.321612	0.333677	0.340952	0.330934	0.307084	0.295606	0.291938	0.286309	0.287948	0.287963	0.2902	0.296313	0.307189	0.316602	0.325061
317	0.0194655	0.0250851	0.0406736	0.0654541	0.0942182	0.135474	0.177104	0.224647	0.270622	0.284536	0.302272	0.318387	0.329228	0.340917	0.346033	0.33722	0.311865	0.302958	0.294548	0.288855	0.288798	0.293739	0.293645	0.299223	0.307722	0.320766	0.328109
316	0.0208948	0.0277383	0.0427149	0.0645566	0.0973559	0.138456	0.184586	0.228848	0.276584	0.291065	0.311554	0.322219	0.335558	0.351081	0.353272	0.344097	0.318985	0.310488	0.298545	0.295844	0.294041	0.298345	0.299248	0.303155	0.312741	0.325213	0.333158
315	0.020679	0.0302782	0.0431383	0.0671736	0.0989911	0.14011	0.188283	0.231995	0.285126	0.297385	0.315399	0.329851	0.344329	0.357649	0.363708	0.350549	0.324461	0.314253	0.305657	0.298188	0.301863	0.302719	0.302979	0.309918	0.31542	0.327405	0.33957
314	0.018975	0.0308008	0.0424067	0.0681449	0.0992376	0.14128	0.189318	0.236237	0.286988	0.303072	0.318592	0.333082	0.352277	0.365331	0.371138	0.357061	0.332513	0.318326	0.308307	0.306054	0.307533	0.307927	0.308291	0.315405	0.318646	0.33175	0.345951
313	0.0197422	0.0309025	0.0442224	0.0682599	0.101534	0.144347	0.195108	0.240412	0.290298	0.307689	0.325909	0.338795	0.353507	0.370458	0.377447	0.361105	0.338799	0.323604	0.316262	0.314166	0.312538	0.311238	0.313423	0.320846	0.328354	0.336525	0.350067
312	0.0212768	0.030927	0.0450775	0.0701158	0.103762	0.148364	0.197988	0.246683	0.295124	0.309511	0.329439	0.34399	0.357332	0.375427	0.376925	0.366779	0.347617	0.32711	0.321623	0.31641	0.316888	0.316469	0.317834	0.325811	0.335949	0.346015	0.35712
311	0.0222699	0.0309325	0.0462226	0.0712856	0.105558	0.149556	0.198308	0.24671	0.297266	0.312475	0.329895	0.349924	0.362932	0.373867	0.383025	0.371484	0.352402	0.333538	0.322453	0.321886	0.317669	0.318706	0.323148	0.333434	0.34234	0.356112	0.364472
310	0.0202075	0.0309732	0.0455327	0.0700066	0.107472	0.148758	0.198307	0.247017	0.297305	0.315239	0.335305	0.348067	0.365752	0.378631	0.389127	0.373398	0.354323	0.337228	0.330796	0.327188	0.321681	0.322036	0.332318	0.335714	0.347428	0.358762	0.366932
309	0.0208337	0.0314076	0.0450995	0.0696904	0.106254	0.150362	0.200197	0.251174	0.297363	0.317168	0.336546	0.351608	0.369962	0.38259	0.391116	0.375525	0.360055	0.339147	0.334641	0.333279	0.330297	0.332316	0.337276	0.338373	0.353965	0.360741	0.372596
308	0.0227931	0.0326049	0.0469461	0.0713996	0.107229	0.151817	0.201503	0.251264	0.298179	0.318444	0.338065	0.354796	0.372231	0.380983	0.391978	0.37696	0.365291	0.346196	0.338365	0.337053	0.33569	0.338362	0.338148	0.343524	0.361155	0.372148	0.383002
307	0.0217553	0.0312672	0.0455195	0.0719182	0.105255	0.150409	0.198775	0.249967	0.299408	0.314779	0.335426	0.355765	0.368054	0.382374	0.391509	0.379771	0.365175	0.350268	0.342472	0.340761	0.339871	0.34337	0.340649	0.349196	0.366069	0.372809	0.387804
306	0.0212758	0.0301079	0.044726	0.0701736	0.106988	0.149135	0.200546	0.252987	0.300416	0.315189	0.337941	0.353951	0.365888	0.383011	0.388911	0.381729	0.363785	0.355888	0.346446	0.342697	0.345077	0.346988	0.34749	0.353586	0.36534	0.377087	0.394827
305	0.0223593	0.0326935	0.0448627	0.0707985	0.106394	0.151473	0.199187	0.252036	0.303521	0.317833	0.339621	0.351804	0.369029	0.380903	0.388207	0.384528	0.367154	0.357614	0.348856	0.345452	0.348362	0.352676	0.357707	0.359751	0.368124	0.381501	0.400131
304	0.0224122	0.0312043	0.0426835	0.0707329	0.104962	0.150285	0.197403	0.251198	0.300888	0.316328	0.337712	0.352276	0.366575	0.378642	0.39033	0.384699	0.365626	0.357308	0.347952	0.348789	0.348846	0.35663	0.355932	0.364602	0.374873	0.385632	0.405269
303	0.0216775	0.0322318	0.0441035	0.0711356	0.102799	0.147516	0.19675	0.247613	0.29597	0.317434	0.334444	0.354891	0.366242	0.379397	0.388952	0.383965	0.36705	0.355713	0.351928	0.355428	0.35212	0.359013	0.355327	0.364267	0.376031	0.391415	0.404417
302	0.0214409	0.0327134	0.0444249	0.0695012	0.102615	0.145576	0.194401	0.244511	0.294302	0.310175	0.330021	0.349216	0.363961	0.37928	0.383741	0.380264	0.365552	0.355212	0.355538	0.35552	0.357007	0.359561	0.360344	0.367591	0.381944	0.391503	0.406323
301	0.0208551	0.0314209	0.046079	0.0686308	0.103953	0.144507	0.19548	0.241828	0.295109	0.307283	0.328488	0.344853	0.357918	0.37374	0.380371	0.380129	0.366649	0.358782	0.356734	0.356033	0.356715	0.357801	0.366635	0.367587	0.383694	0.393156	0.410381
300	0.0212676	0.031724	0.0449142	0.0681515	0.101177	0.145737	0.195501	0.243203	0.293329	0.312267	0.32573	0.342428	0.356575	0.370262	0.379699	0.381188	0.371477	0.360758	0.356246	0.35849	0.360175	0.361239	0.369315	0.368634	0.381445	0.398975	0.410899
299	0.0209251	0.0303514	0.0429135	0.0666904	0.0982063	0.14721	0.191001	0.23792	0.288714	0.308647	0.320371	0.336165	0.355576	0.363706	0.376931	0.378945	0.366937	0.356272	0.355413	0.358568	0.360097	0.363456	0.367143	0.369496	0.384381	0.397151	0.40996
298	0.0216729	0.0295504	0.0438438	0.067685	0.0978423	0.14203	0.18909	0.236437	0.284165	0.304954	0.316779	0.333642	0.349636	0.364913	0.370733	0.373295	0.3625	0.356745	0.354419	0.359698	0.356364	0.359752	0.367801	0.368896	0.38423	0.395969	0.415751
297	0.0202981	0.0294436	0.0432981	0.0666945	0.0969591	0.137511	0.186607	0.236566	0.280825	0.298708	0.316768	0.331148	0.346762	0.363202	0.366599	0.368003	0.360172	0.353373	0.355368	0.358703	0.357592	0.360351	0.366241	0.368135	0.385162	0.39462	0.412813
296	0.0186933	0.028684	0.039798	0.0642099	0.0960493	0.138495	0.18314	0.230529	0.27628	0.293068	0.312178	0.32309	0.341321	0.353838	0.364704	0.36189	0.356034	0.34852	0.353026	0.353567	0.36085	0.358814	0.361413	0.366361	0.382583	0.393911	0.40886
295	0.0180575	0.0295474	0.0401675	0.0647889	0.0957021	0.137039	0.180548	0.226135	0.273146	0.289902	0.306171	0.321632	0.339077	0.353138	0.361893	0.35818	0.356453	0.34811	0.352867	0.350181	0.36267	0.360939	0.360678	0.371285	0.38373	0.393918	0.407086
294	0.0176188	0.0282514	0.0384402	0.0619783	0.0923671	0.130963	0.176191	0.221879	0.267667	0.288061	0.302028	0.318286	0.333463	0.349524	0.357014	0.356657	0.35334	0.344655	0.349022	0.349899	0.359926	0.35714	0.363618	0.367351	0.381045	0.393249	0.408739
293	0.017432	0.0273628	0.0371001	0.059728	0.0910245	0.129554	0.173135	0.2167	0.263089	0.279999	0.299942	0.310389	0.330671	0.341325	0.350339	0.352342	0.34849	0.342476	0.344166	0.350182	0.357254	0.353675	0.359694	0.364342	0.378714	0.391489	0.40499
292	0.017703	0.0279663	0.0376082	0.0580742	0.0909124	0.13247	0.171469	0.216051	0.265118	0.275126	0.29905	0.307071	0.324786	0.335974	0.348276	0.350099	0.345409	0.343221	0.344114	0.349063	0.350588	0.353536	0.36017	0.363611	0.375767	0.389289	0.406238
291	0.0186709	0.0275345	0.037288	0.0590392	0.0908074	0.133991	0.174448	0.216204	0.263191	0.273599	0.29508	0.306818	0.32106	0.334634	0.34664	0.349783	0.348643	0.344889	0.346709	0.350586	0.3501	0.356083	0.364006	0.367532	0.380321	0.393385	0.405726
290	0.0171801	0.0257013	0.0353977	0.0572388	0.0900629	0.128429	0.170928	0.212902	0.255579	0.26719	0.288818	0.300047	0.314777	0.329422	0.33392	0.337642	0.340513	0.338901	0.341012	0.343406	0.343071	0.351071	0.35335	0.360038	0.374669	0.390041	0.403583
289	0.0163014	0.0253925	0.0352365	0.0556937	0.0867969	0.120095	0.162551	0.205369	0.246676	0.26472	0.282334	0.291024	0.305877	0.322085	0.329089	0.328233	0.329225	0.328661	0.331624	0.331908	0.334981	0.344445	0.343201	0.350848	0.362994	0.37917	0.394065
288	0.0156975	0.0241954	0.0333211	0.0542248	0.0833332	0.117285	0.158309	0.199626	0.244192	0.256737	0.275852	0.287175	0.298778	0.315383	0.323915	0.321625	0.322652	0.322639	0.327974	0.326791	0.331603	0.337798	0.337869	0.345641	0.359356	0.370334	0.383995
287	0.0167026	0.0237153	0.033423	0.0543982	0.0813752	0.114909	0.154785	0.195522	0.237961	0.251406	0.267736	0.279052	0.292648	0.306365	0.313321	0.319567	0.316104	0.316321	0.320205	0.320237	0.326132	0.329688	0.331644	0.340223	0.353479	0.360953	0.378983
286	0.0170645	0.0244743	0.0346049	0.0556232	0.0795233	0.113911	0.152124	0.191454	0.228995	0.248203	0.259582	0.275864	0.28937	0.299326	0.307073	0.313391	0.311912	0.309292	0.31327	0.314886	0.321392	0.323713	0.326398	0.334237	0.343188	0.357459	0.373384
285	0.0145255	0.0237097	0.0323992	0.0531552	0.0792774	0.110135	0.1485	0.188077	0.222103	0.238938	0.252176	0.270539	0.280723	0.294897	0.300357	0.30139	0.304138	0.305265	0.305161	0.310182	0.313614	0.317698	0.322257	0.321665	0.335479	0.350981	0.361747
284	0.0142027	0.0224865	0.0298761	0.0507322	0.0767027	0.106269	0.144828	0.185568	0.21907	0.232928	0.249067	0.264929	0.272446	0.287204	0.294749	0.295175	0.296408	0.298803	0.300989	0.304562	0.306657	0.311571	0.311748	0.318454	0.328702	0.342231	0.353869
283	0.015602	0.0218029	0.0303729	0.0505587	0.0743049	0.105853	0.143044	0.179946	0.216317	0.229123	0.242297	0.253831	0.267638	0.282462	0.288241	0.290902	0.28788	0.290088	0.296497	0.301426	0.302335	0.307116	0.307215	0.31575	0.323989	0.336414	0.343969
282	0.0150521	0.0226957	0.0307672	0.049816	0.0718135	0.104276	0.138241	0.175365	0.208813	0.225862	0.237133	0.247235	0.263871	0.277177	0.281152	0.284629	0.281081	0.285076	0.286367	0.293459	0.29213	0.299945	0.30337	0.306273	0.320156	0.333459	0.337916
281	0.013	0.0203431	0.0286895	0.046123	0.0691646	0.102097	0.135691	0.168778	0.201027	0.217823	0.231323	0.243503	0.254858	0.267005	0.273353	0.274336	0.276263	0.27877	0.282324	0.286494	0.284885	0.290922	0.293418	0.298498	0.311965	0.326175	0.329697
280	0.013145	0.0203737	0.0279432	0.0461747	0.0688942	0.100237	0.131292	0.167424	0.200144	0.215015	0.226782	0.23785	0.248203	0.262705	0.267009	0.269671	0.273023	0.2742	0.278162	0.276734	0.279076	0.285057	0.28551	0.29204	0.305003	0.314658	0.321126
279	0.0153423	0.0207132	0.0286081	0.0461501	0.0677107	0.0981037	0.128234	0.164722	0.196642	0.208203	0.221636	0.235533	0.244242	0.256865	0.261926	0.264928	0.266882	0.265106	0.270108	0.267209	0.269665	0.274005	0.278449	0.286249	0.295368	0.30427	0.31255
278	0.0145696	0.0204407	0.0299975	0.044209	0.0673745	0.0947367	0.127164	0.159447	0.191063	0.204768	0.217629	0.230916	0.238588	0.250645	0.258236	0.255314	0.258038	0.258662	0.266201	0.260901	0.264369	0.268557	0.271082	0.277507	0.28802	0.295998	0.304044
277	0.013592	0.0199195	0.0286966	0.0434371	0.0646594	0.0920266	0.122491	0.156411	0.185046	0.199042	0.208972	0.223241	0.231636	0.243451	0.248785	0.248916	0.250462	0.256418	0.25403	0.257852	0.258351	0.263736	0.266482	0.268547	0.281034	0.289585	0.298059
276	0.0142039	0.0196019	0.0267255	0.0428729	0.0642819	0.0902052	0.118258	0.152784	0.182805	0.190912	0.202686	0.216859	0.225141	0.23592	0.240124	0.242619	0.242487	0.249419	0.245377	0.251889	0.251893	0.2588	0.258639	0.262626	0.27116	0.282945	0.291609
275	0.0138167	0.0188186	0.0260009	0.041871	0.0629243	0.0877707	0.116588	0.147183	0.181083	0.187811	0.199169	0.21022	0.219283	0.229514	0.234361	0.236512	0.235904	0.243505	0.241381	0.243672	0.245225	0.251687	0.250355	0.255531	0.263099	0.27566	0.280644
274	0.0126192	0.0185303	0.024944	0.0392776	0.0604706	0.086469	0.115101	0.140828	0.175288	0.181804	0.194547	0.2065	0.216609	0.222563	0.228257	0.233077	0.232094	0.235155	0.2371	0.237595	0.236384	0.242011	0.24563	0.245414	0.255954	0.267466	0.272823
273	0.0119415	0.0175297	0.0240835	0.0387153	0.0590415	0.0847948	0.113661	0.140432	0.171028	0.175098	0.190729	0.20073	0.209544	0.216132	0.223419	0.228552	0.226863	0.222914	0.230177	0.233806	0.228783	0.234366	0.23807	0.238808	0.2484	0.262308	0.268815
272	0.0111012	0.0166055	0.0219944	0.0394835	0.0581736	0.0821842	0.110259	0.138004	0.165795	0.17338	0.186227	0.195348	0.203411	0.211022	0.218129	0.221209	0.219881	0.218244	0.218449	0.226221	0.224533	0.227165	0.228193	0.235947	0.241945	0.251313	0.260069
271	0.0118467	0.0173327	0.0233193	0.0392216	0.0566978	0.0809859	0.107404	0.137675	0.160977	0.16975	0.182179	0.19183	0.198235	0.206615	0.211598	0.215131	0.217797	0.213209	0.216205	0.217729	0.221495	0.222566	0.224718	0.228571	0.235876	0.243356	0.253832
270	0.0117273	0.0178946	0.0229142	0.038316	0.0547697	0.0793593	0.103766	0.135847	0.156389	0.165052	0.17999	0.188498	0.192289	0.200025	0.205793	0.209948	0.211373	0.209541	0.210228	0.211302	0.21144	0.218687	0.215763	0.223786	0.231319	0.235907	0.246314
269	0.010998	0.0170511	0.0211854	0.0353492	0.0527708	0.0741609	0.0979546	0.126681	0.152009	0.15968	0.172743	0.183368	0.186968	0.192275	0.199894	0.202067	0.202464	0.204243	0.201362	0.203869	0.206563	0.208786	0.212424	0.215292	0.223882	0.228541	0.235923
268	0.0100422	0.0154226	0.0208957	0.0331072	0.0510948	0.071808	0.0961802	0.120996	0.147538	0.15582	0.16464	0.176189	0.180554	0.185733	0.193904	0.194096	0.191801	0.195449	0.194841	0.197435	0.20147	0.202545	0.205669	0.20519	0.217347	0.22162	0.228795
267	0.00917288	0.0152295	0.0212011	0.0328559	0.049479	0.0704853	0.0965028	0.117812	0.143098	0.150886	0.159504	0.169328	0.173756	0.181194	0.185419	0.187611	0.184802	0.186329	0.188235	0.19198	0.194665	0.195729	0.197275	0.200462	0.209882	0.214938	0.22328
266	0.010796	0.0146144	0.0228205	0.0333743	0.0502816	0.0702397	0.0930905	0.115877	0.137899	0.14599	0.154871	0.165075	0.168814	0.177269	0.179914	0.184987	0.182354	0.184094	0.18547	0.188583	0.18825	0.19179	0.190196	0.193902	0.203655	0.209433	0.213256
265	0.00977298	0.013611	0.0201994	0.0307358	0.0472034	0.0684231	0.089144	0.110641	0.133709	0.142363	0.149454	0.161023	0.1627	0.171093	0.176821	0.179249	0.178011	0.179653	0.178985	0.182236	0.182126	0.186186	0.184152	0.187421	0.196927	0.202803	0.207362
264	0.00883637	0.0141237	0.016822	0.0297938	0.0458692	0.0636867	0.0845331	0.107765	0.130408	0.139145	0.144485	0.15356	0.15994	0.168564	0.169248	0.170723	0.170619	0.173232	0.174356	0.174479	0.173431	0.175927	0.176935	0.182399	0.186954	0.195099	0.202647
263	0.00796838	0.0125908	0.0143037	0.0279953	0.0421471	0.0609549	0.0815892	0.103268	0.124559	0.130499	0.138587	0.145577	0.153978	0.159934	0.159355	0.166298	0.16338	0.162437	0.16525	0.166646	0.167369	0.16828	0.171378	0.174713	0.181609	0.187053	0.193985
262	0.00651028	0.0100205	0.0137923	0.0252952	0.0388729	0.057096	0.0770388	0.0974843	0.118172	0.124002	0.131721	0.140058	0.147545	0.152499	0.154878	0.159166	0.155213	0.157034	0.158203	0.157374	0.160889	0.162341	0.166818	0.167938	0.174197	0.179975	0.183938
261	0.00427252	0.00762329	0.0135939	0.0237307	0.0351245	0.0550327	0.073952	0.0919386	0.112701	0.120109	0.126476	0.13629	0.142513	0.146414	0.153018	0.15182	0.147207	0.153054	0.152781	0.15223	0.154717	0.152407	0.158215	0.160555	0.167823	0.173534	0.177542
260	0.00439777	0.00826709	0.0116023	0.0220871	0.035258	0.0528804	0.070795	0.0895034	0.107091	0.117305	0.123138	0.130303	0.136328	0.142644	0.14492	0.147642	0.14517	0.145851	0.143645	0.149767	0.14903	0.149044	0.15196	0.15253	0.162353	0.166577	0.171916
259	0.00723373	0.00939087	0.0119618	0.0230587	0.0373766	0.0512642	0.0691609	0.0881908	0.104931	0.113594	0.120468	0.125901	0.131739	0.138629	0.140402	0.144524	0.142947	0.141501	0.139432	0.144947	0.144646	0.147222	0.150176	0.152521	0.15675	0.165466	0.167267
258	0.00756754	0.0100986	0.0132173	0.0241421	0.0365557	0.0527474	0.0693427	0.0867273	0.105143	0.111089	0.116843	0.125613	0.131727	0.136454	0.140714	0.138983	0.138507	0.138317	0.141316	0.140001	0.143099	0.144941	0.147047	0.151128	0.152034	0.162416	0.16771
257	0.00767584	0.0104805	0.0137769	0.023353	0.0355504	0.0509942	0.0685753	0.0857311	0.103488	0.109951	0.115789	0.124114	0.126532	0.134767	0.136584	0.133256	0.135163	0.136382	0.137621	0.136165	0.139771	0.141568	0.140282	0.145799	0.147989	0.154679	0.163123
256	0.00830722	0.0109666	0.0136207	0.0237734	0.0355556	0.0504961	0.065946	0.0840444	0.101371	0.107364	0.114259	0.12136	0.121658	0.131477	0.134488	0.131801	0.13193	0.132965	0.131814	0.133782	0.13223	0.137017	0.136001	0.139356	0.145875	0.150514	0.160028
255	0.00800961	0.01109	0.0145064	0.0236724	0.0355751	0.050239	0.064538	0.082381	0.099174	0.104795	0.110354	0.117759	0.125	0.127319	0.132554	0.129383	0.131843	0.130701	0.12887	0.130175	0.129021	0.133117	0.133142	0.134856	0.144338	0.146082	0.153207
254	0.00772159	0.0106966	0.0136632	0.0220658	0.0336411	0.049011	0.0648931	0.0801576	0.095783	0.102697	0.109154	0.114932	0.12265	0.126717	0.127088	0.126712	0.126308	0.123913	0.124066	0.124647	0.127129	0.128642	0.129734	0.133185	0.138442	0.142534	0.146746
253	0.00574304	0.010026	0.0120103	0.0202939	0.0316529	0.0467773	0.0635426	0.0783103	0.0920691	0.100006	0.107364	0.113998	0.116726	0.124207	0.125218	0.123318	0.121898	0.119024	0.120846	0.121143	0.122449	0.124669	0.124067	0.128938	0.132659	0.137828	0.142155
252	0.0051084	0.00956198	0.0119615	0.020137	0.0307512	0.0452991	0.061146	0.0757655	0.0894597	0.0980493	0.105407	0.110947	0.113227	0.120197	0.120819	0.120772	0.12046	0.116065	0.119341	0.118866	0.119459	0.121632	0.120269	0.124854	0.128184	0.134011	0.138358
251	0.00592676	0.00883804	0.011916	0.0200825	0.0310921	0.0450844	0.0593486	0.0744227	0.0877309	0.0947332	0.101542	0.105912	0.113957	0.116949	0.117578	0.119234	0.116597	0.114417	0.117204	0.116441	0.116418	0.118539	0.11839	0.119339	0.12534	0.131254	0.132671
250	0.00628543	0.0087084	0.0111312	0.0198643	0.0313161	0.0450224	0.0588073	0.0746653	0.0868929	0.0927766	0.0991858	0.102047	0.1111	0.114203	0.115931	0.115482	0.112345	0.112034	0.112238	0.113375	0.113234	0.115075	0.115187	0.116222	0.121939	0.1279	0.1307
249	0.0061962	0.00924426	0.0115368	0.0191335	0.0313389	0.0448981	0.0558484	0.0733961	0.0855149	0.0940423	0.0974615	0.102329	0.104548	0.111266	0.113844	0.112973	0.108982	0.11033	0.107478	0.109565	0.112126	0.11155	0.114483	0.114819	0.119344	0.1247	0.128312
248	0.00629633	0.00948181	0.0121438	0.0185414	0.0296612	0.0435442	0.0557414	0.0710901	0.0848546	0.0900999	0.0953627	0.100311	0.105493	0.111185	0.108987	0.108921	0.107977	0.105724	0.10585	0.105778	0.106833	0.107246	0.111556	0.112635	0.113679	0.121101	0.123722
247	0.00665143	0.0101724	0.011829	0.0189747	0.0297296	0.0424793	0.054613	0.0696004	0.0811079	0.0886691	0.0920127	0.0968481	0.101848	0.105639	0.107559	0.106535	0.105435	0.102912	0.10581	0.102686	0.10223	0.104821	0.106404	0.109041	0.108577	0.116941	0.120577
246	0.00659668	0.0101467	0.0106062	0.0180443	0.0290894	0.0397744	0.0515542	0.0658823	0.0764915	0.081841	0.0866921	0.09325	0.0973474	0.0995464	0.103692	0.102387	0.100048	0.0987737	0.100171	0.100136	0.0985928	0.100542	0.101642	0.102219	0.104466	0.111801	0.115931
245	0.00599124	0.00911334	0.00936581	0.0162233	0.0268132	0.036444	0.0491901	0.0597951	0.0727255	0.0763624	0.0837109	0.0881805	0.0938548	0.0989038	0.0974202	0.0975274	0.0966574	0.0942143	0.0953147	0.095201	0.095955	0.0956571	0.0982281	0.097511	0.0997037	0.107751	0.109429
244	0.00439151	0.00900543	0.00947318	0.0152243	0.024776	0.0359072	0.0463319	0.057557	0.0688348	0.0760422	0.0831727	0.0865398	0.0885735	0.0942329	0.0939655	0.0946582	0.0935291	0.0895434	0.0922141	0.0918719	0.0899896	0.0915793	0.0940759	0.0948563	0.0966475	0.102535	0.108009
243	0.00399484	0.00770941	0.00815857	0.01429	0.0228009	0.0344422	0.0444678	0.0550137	0.0662141	0.0724799	0.0776615	0.0820721	0.0846801	0.087529	0.0902502	0.0894773	0.0866101	0.0841934	0.0855206	0.0889656	0.0857435	0.0876632	0.0894923	0.0911017	0.0958656	0.095646	0.101843
242	0.00407379	0.00675803	0.00744717	0.0141715	0.0224567	0.0319032	0.0430771	0.0541554	0.0643704	0.0679706	0.0737294	0.077167	0.0783424	0.0823683	0.0863857	0.0839105	0.0842744	0.0823664	0.0805257	0.0832897	0.0830826	0.0853422	0.0854586	0.0874376	0.0919858	0.0906525	0.0971676
241	0.00443198	0.00624863	0.0068613	0.0125453	0.021693	0.0297025	0.0412585	0.0508005	0.0597899	0.0639731	0.0690814	0.071764	0.0733585	0.0781455	0.0800885	0.0799151	0.0795083	0.0801501	0.0761982	0.0792064	0.0788535	0.0806259	0.080742	0.0816841	0.0850799	0.0865997	0.0919588
240	0.00435797	0.00577719	0.00751135	0.0125192	0.0199711	0.0282397	0.0374831	0.0471272	0.0566133	0.0606079	0.0661209	0.067458	0.0708359	0.0747617	0.0751712	0.0774886	0.0743043	0.0750625	0.0728424	0.0770952	0.0733483	0.0762968	0.0751112	0.0782622	0.0785624	0.0843139	0.0850611
239	0.00567981	0.00662759	0.00750995	0.0127945	0.0187634	0.0265552	0.0354363	0.0434965	0.0546168	0.0567874	0.0620445	0.0636252	0.066693	0.0683902	0.0711913	0.0733204	0.0692803	0.0680034	0.0690615	0.0720109	0.0693434	0.0725403	0.0721209	0.0741982	0.0742731	0.0795649	0.080104
238	0.00466934	0.00552478	0.00533847	0.0114591	0.01707	0.0242561	0.0337343	0.0403533	0.0503385	0.0516528	0.0551687	0.0588951	0.0618071	0.0634314	0.0668131	0.0674145	0.0641713	0.0628081	0.0635928	0.0662744	0.0660587	0.0678779	0.0678725	0.0693006	0.069913	0.0732974	0.0764422
237	0.00387524	0.0056044	0.0052489	0.0101062	0.0160764	0.0221733	0.0300627	0.0366758	0.0463959	0.0480909	0.0513828	0.0531142	0.0553087	0.0578979	0.0607938	0.0635258	0.06027	0.0589143	0.0601743	0.0615679	0.0611367	0.0622628	0.0623709	0.0635946	0.0645391	0.0675978	0.0715134
236	0.00437692	0.00610373	0.00552176	0.00931976	0.0148914	0.0203346	0.027914	0.0353246	0.042444	0.0439394	0.0466844	0.0488538	0.0514012	0.0537607	0.0569319	0.0566244	0.0566221	0.0557546	0.0567922	0.0571914	0.0562743	0.0574798	0.0578676	0.0591314	0.0617345	0.0635165	0.0668186
235	0.00341608	0.00519367	0.0043432	0.00734906	0.0124286	0.018068	0.0261524	0.0316297	0.0382608	0.0403806	0.0436302	0.0443372	0.0490411	0.0511234	0.0526187	0.0517352	0.0530788	0.0509605	0.0524133	0.0528094	0.0531584	0.0529795	0.0535321	0.0547033	0.0592196	0.0590666	0.0621001
234	0.00223151	0.00441763	0.00341718	0.0062749	0.0105005	0.0180207	0.0231486	0.0290899	0.0366144	0.0378069	0.0420384	0.0413845	0.0446757	0.0462587	0.0470544	0.0487039	0.0501886	0.0478742	0.0483229	0.0498209	0.0502321	0.04915	0.0510135	0.0504819	0.0534086	0.0554009	0.0580455
233	0.00264386	0.00461392	0.00296289	0.00627786	0.0101351	0.0164181	0.0215719	0.0276524	0.0337935	0.036045	0.0388098	0.0400802	0.0426494	0.0428429	0.0441523	0.0458909	0.046273	0.0459306	0.0469049	0.0471996	0.0460255	0.0474325	0.048818	0.049252	0.0503927	0.0518534	0.0532993
232	0.00255228	0.00377991	0.00209317	0.00534326	0.0101638	0.0147952	0.0203193	0.0251016	0.0313046	0.0346338	0.0350295	0.0397568	0.0400934	0.040929	0.0411104	0.043434	0.0425152	0.0433155	0.0451511	0.0429071	0.0448977	0.0451494	0.0459701	0.0454017	0.0467744	0.0506647	0.0497358
231	0.00251001	0.00335138	0.00223773	0.00503497	0.00925653	0.013976	0.0185896	0.0229823	0.0288829	0.0301478	0.0323277	0.0368643	0.0352844	0.0407641	0.0397556	0.0401119	0.0400863	0.0409045	0.0419865	0.0412162	0.0435226	0.0427655	0.042684	0.0427337	0.0441364	0.0468228	0.0483025
230	0.0018389	0.00307849	0.00193607	0.00442084	0.0091803	0.012541	0.016267	0.0212011	0.0255237	0.0274205	0.0298084	0.0332125	0.0329068	0.0365744	0.0370197	0.0348417	0.0387961	0.037292	0.038114	0.0386999	0.0391632	0.0399412	0.0390605	0.0407245	0.043122	0.0418267	0.0450369
229	0.00142245	0.00196783	0.00132056	0.00301266	0.00821497	0.0106901	0.0148416	0.0201885	0.0238647	0.0249795	0.0296064	0.0305259	0.0317726	0.0332652	0.0343688	0.0337399	0.035389	0.0345262	0.0367981	0.0354867	0.0369501	0.0368088	0.0378071	0.0377897	0.0392574	0.0399668	0.041393
228	0.0011915	0.00154941	6.36138E-4	0.00243774	0.00593606	0.010327	0.0139158	0.018803	0.0226786	0.024261	0.0266163	0.0273206	0.031361	0.030765	0.0312493	0.0322197	0.0310785	0.0331748	0.0350326	0.0332865	0.0337244	0.0346796	0.0352542	0.0360056	0.036101	0.0371425	0.0381681
227	8.66455E-4	0.00124286	5.0629E-5	0.00330158	0.00492007	0.00938577	0.0127752	0.0168602	0.020063	0.0219947	0.0236114	0.0238058	0.0276048	0.0281373	0.0288008	0.0298215	0.0278035	0.0296005	0.0306344	0.0302604	0.0314176	0.0313318	0.0327294	0.0336216	0.0327631	0.0347037	0.035742
226	0.00139447	0.00166107	7.73469E-4	0.00338211	0.00514905	0.00917868	0.0130245	0.016923	0.0190013	0.0204554	0.0230442	0.0234323	0.0246468	0.0269922	0.0275006	0.0279207	0.0269329	0.0285804	0.0285802	0.0290635	0.0291566	0.0297795	0.0304214	0.0310568	0.0305439	0.0329388	0.0343
225	6.8753E-4	0.00148068	9.11682E-4	0.00189651	0.00525635	0.00794336	0.0117279	0.0162596	0.0185991	0.0208976	0.020967	0.0243263	0.0224601	0.0254762	0.0259789	0.0248849	0.0253465	0.0279197	0.0268846	0.0269648	0.0273689	0.028542	0.0282574	0.0287379	0.0299827	0.0307743	0.0311942
224	-1.50482E-4	3.76898E-5	2.26472E-4	0.0011583	0.00374081	0.00667722	0.00879447	0.0132737	0.0175477	0.0183389	0.0176194	0.0209605	0.0203923	0.023321	0.0230117	0.0230895	0.022606	0.0253613	0.0248037	0.02433	0.0257369	0.0258709	0.026216	0.0261223	0.0279588	0.0285669	0.0291162
223	-3.64227E-4	1.99799E-4	3.00538E-4	4.04023E-4	0.00362805	0.00588474	0.00914633	0.0115308	0.0148228	0.016429	0.0168157	0.0185715	0.0183113	0.0213495	0.0217948	0.0215093	0.0206118	0.0229264	0.0223903	0.0220236	0.0237769	0.0238093	0.0235685	0.0245397	0.0264722	0.0265856	0.0265201
222	7.11639E-4	0.00251874	0.00174628	0.00107108	0.00406409	0.0051348	0.00955862	0.0130992	0.0133292	0.0162727	0.0161676	0.0184682	0.0188847	0.0185879	0.0214456	0.0204982	0.0205176	0.0220631	0.0218799	0.0221353	0.0233273	0.0220507	0.0235946	0.023634	0.0262516	0.0258542	0.0252565
221	4.09393E-4	0.00218848	7.88696E-4	5.4422E-4	0.00341238	0.0051459	0.00783334	0.0104373	0.0134802	0.0160391	0.0154287	0.0175864	0.0171536	0.0177326	0.0194691	0.019417	0.0185618	0.0204583	0.0220212	0.0202393	0.0209739	0.0206867	0.0221386	0.0224579	0.0231249	0.023111	0.0237048
220	0.00129449	0.00122556	5.42083E-4	5.6076E-4	0.00256839	0.00626462	0.00802808	0.00928998	0.0121216	0.0136559	0.0141326	0.0159815	0.0155456	0.0170693	0.0180818	0.0181982	0.018273	0.0200604	0.0208883	0.018858	0.0204716	0.0205174	0.0205566	0.0203157	0.0212202	0.0217493	0.0220206
219	0.00107929	8.7732E-4	-2.22747E-4	0.00126727	0.00281778	0.00588907	0.00744852	0.00937732	0.0111322	0.0138355	0.0135151	0.0151538	0.0147122	0.0150679	0.0163978	0.0162631	0.0186446	0.0184206	0.0196022	0.0183907	0.0196511	0.0193963	0.0196923	0.0193792	0.0197068	0.0200582	0.0206215
218	1.09956E-4	0.00105997	-0.0011896	3.67745E-5	0.00146381	0.00417944	0.00509375	0.00893295	0.00921799	0.0127773	0.012208	0.0138419	0.0135779	0.0145473	0.0146515	0.0153162	0.0150018	0.0157794	0.0177006	0.0164501	0.0166405	0.0168325	0.0172069	0.0178329	0.0195414	0.0183988	0.0185146
217	5.21546E-4	9.74426E-4	-0.00112805	5.4474E-5	0.00106931	0.00430545	0.00503732	0.0079342	0.00968063	0.0109291	0.0110905	0.0125497	0.0124041	0.0139072	0.0157812	0.0137635	0.0142639	0.0151635	0.0154981	0.0153805	0.0146711	0.0160385	0.0154221	0.0162918	0.017515	0.0181303	0.0183903
216	1.17705E-4	0.00116046	-0.00173483	3.19121E-4	7.47466E-4	0.00249313	0.00532031	0.00691583	0.00941281	0.00967303	0.00952191	0.011317	0.0116209	0.0118151	0.0135135	0.0122397	0.0134601	0.0143398	0.013989	0.0164913	0.0138064	0.0152301	0.0155968	0.0153115	0.015028	0.0163475	0.0165685
215	7.33551E-4	0.0020798	-6.69861E-4	1.81762E-4	0.00120859	0.00305591	0.00582852	0.00728754	0.00909354	0.00938318	0.0101836	0.0110573	0.0107101	0.0112935	0.0119117	0.0116769	0.0129152	0.0136371	0.0138991	0.0140533	0.0141822	0.013157	0.0158324	0.0151956	0.0150755	0.0155485	0.0159702
214	3.23669E-4	0.00161642	-0.00145377	-2.05993E-5	8.67065E-4	0.00228986	0.00421387	0.00635654	0.00777606	0.00886246	0.00998514	0.00934271	0.0100755	0.0108806	0.0111747	0.0111239	0.0110469	0.0118935	0.0126446	0.0109112	0.0122651	0.0126832	0.0138598	0.0130337	0.0145345	0.0146639	0.0149167
213	-8.08075E-4	-7.93695E-7	-0.0023876	-7.63581E-4	-3.70392E-4	2.89673E-4	0.00272403	0.00489127	0.00569687	0.00681973	0.00710837	0.00706967	0.00802756	0.00883762	0.00959933	0.00920398	0.00823331	0.00961896	0.0114731	0.00999493	0.0104528	0.011503	0.0107749	0.0112871	0.0113699	0.0120769	0.0114847
212	-0.00145444	-5.94421E-4	-0.001086	4.27826E-4	-5.014E-5	4.02344E-4	0.00259192	0.00428314	0.00359863	0.00546011	0.00610538	0.00643774	0.00671457	0.00796313	0.00816812	0.0079162	0.00750925	0.00824915	0.00981186	0.0100988	0.0101799	0.00953152	0.00972458	0.00932196	0.010513	0.0112991	0.0103912
211	-0.00177841	-0.00105127	-0.00158823	-8.17841E-4	-6.93482E-4	8.55285E-4	0.00317517	0.00419351	0.00414096	0.00393408	0.00553509	0.00609308	0.00614514	0.00780337	0.00766354	0.00689596	0.00678656	0.00792932	0.00856518	0.00956457	0.00958081	0.00800183	0.00856222	0.00841858	0.0097951	0.00920755	0.0109838
210	-4.45344E-4	-0.00138159	-0.00258258	-0.00237909	-0.00144342	1.33575E-4	0.00205563	0.00400003	0.00407992	0.00473645	0.00513241	0.00551953	0.00565741	0.00719748	0.00725912	0.00642639	0.0076416	0.0080657	0.00878219	0.00770239	0.00889667	0.00849918	0.00773389	0.00798639	0.00789914	0.00882837	0.00992517
209	-0.00167813	-0.00191992	-0.00423028	-0.00354428	-0.00266656	-0.00133942	-4.64934E-4	0.00104663	0.00154962	0.0036095	0.00381278	0.00338507	0.00434781	0.00437537	0.00417905	0.00504349	0.00509107	0.00586881	0.00611432	0.00576489	0.0071998	0.00722675	0.00682529	0.00674515	0.00634503	0.00717651	0.00851175
208	-0.00211929	-0.00212827	-0.00386896	-0.00377179	-0.00248236	-0.00130872	-0.00184293	-1.02998E-4	-1.26352E-5	0.00152502	0.00208615	0.00259695	0.00147293	0.00236227	0.00201114	0.00241901	0.00227515	0.00313272	0.00363861	0.00427716	0.00433316	0.00512793	0.00408569	0.00453345	0.00538275	0.00599228	0.00711545
207	-0.00182321	-8.92303E-4	-0.00378	-0.0033562	-0.00320352	-0.00180258	-0.00239679	-0.00190137	-6.67236E-4	-6.55517E-4	5.06165E-4	0.00110544	-1.03332E-4	0.00127683	0.00109305	6.77918E-4	6.92139E-4	0.00178595	0.00206485	0.00284723	0.00267377	0.00275955	0.0021691	0.00239026	0.00389978	0.00481174	0.00494708
206	-0.00199707	-3.50678E-4	-0.0038747	-0.00324857	-0.00251331	-0.00256549	-0.00204492	-0.00204852	-0.00216193	-0.00192853	-7.28211E-4	-8.06336E-4	-8.25837E-4	-7.69354E-5	-1.67664E-4	-2.68311E-4	-5.27711E-4	9.92889E-4	0.00117178	0.00120563	0.00142856	0.00197253	8.12164E-4	0.00108798	0.00158643	0.00334021	0.00252148
205	-0.00191388	-6.77002E-4	-0.00418826	-0.00319946	-0.00238461	-0.0029982	-0.00268387	-0.00297098	-0.00325442	-0.00313238	-0.00173413	-0.00190845	-0.0018042	-0.00131076	-0.00124075	-0.00167483	-0.00193143	-1.90735E-4	-5.80078E-4	-7.21161E-4	-5.05707E-4	2.20764E-4	-9.47021E-4	-1.63818E-4	-6.32538E-4	0.00155695	0.00156372
204	-0.00133249	-5.69762E-4	-0.00405362	-0.00294073	-0.00214191	-0.00191354	-0.00308578	-0.00295801	-0.00348892	-0.003366	-0.0017533	-0.00174258	-0.00221112	-8.49944E-4	-0.00177743	-0.00162695	-0.00171023	-0.00113541	-0.00130868	-0.00151758	-0.00170865	-0.00121307	-0.0016051	-1.53503E-4	-5.57647E-4	4.37501E-4	1.04005E-4
203	-3.76831E-4	-3.86627E-4	-0.00246643	-0.00217126	-0.00222849	-4.92768E-4	-0.00254157	-0.00263824	-0.00239966	-0.00305615	-0.00140802	-0.00146576	-0.00150574	-8.17383E-4	-0.0023024	-0.00134802	-0.00191214	-0.0026705	-0.00163174	-0.00234738	-0.00151791	-0.00170273	-0.00146738	1.5744E-4	-0.00114108	-6.71051E-4	-0.00114478
202	7.529E-4	0.00141895	-0.00119513	-6.70623E-4	-0.00128604	1.28785E-4	9.94574E-5	-0.00209885	-6.53686E-4	-0.00181174	1.05902E-5	-0.00141379	-9.45007E-4	-5.48675E-4	-0.00128216	-0.00119464	-6.90307E-4	-0.00207773	-8.06243E-4	-0.00112183	-2.92657E-5	-8.70513E-4	-8.04626E-4	-3.19213E-4	-0.00180698	-0.00135196	-4.32342E-4
201	7.76488E-4	0.00159766	-0.00132126	-2.3288E-4	-2.80335E-4	-2.12373E-4	-5.4062E-4	-0.00155856	-0.00105768	-0.00142212	-0.00114575	-0.00132394	-0.00152548	-6.6916E-4	-8.93494E-4	-0.00194067	-0.00119235	-0.00119766	-0.00104291	-0.00141052	-9.51295E-4	-0.00167612	-0.00174921	-3.29499E-4	-0.00204248	-0.00155438	-0.00111685
200	0.00123227	0.00131577	-0.00163888	-0.00131753	-0.00102746	3.00294E-4	-0.00117483	-0.00182129	-0.00170532	-0.00209222	-0.00112839	-0.00116855	-0.00193198	-0.00159048	-0.00161154	-0.00240518	-0.00128189	-0.00174875	-0.00132638	-0.00197723	-0.00168274	-0.0027749	-0.0018176	-5.35796E-4	-0.00209354	-0.00139188	-0.0016365
