500	0.506381	0.402164	0.757605	0.30098	0.394687	0.419528	0.621988	0.454767	0.693057	0.232303	0.23945	0.44946	0.317664	0.343439	0.497122	0.29364	0.280942	0.349805	0.643478	0.320111	0.657455	0.295242	0.611487	0.342062	0.196359	0.644662	0.339789
499	0.528784	-0.048172	0.0928864	0.304428	0.230637	0.367694	0.328079	0.475287	0.294934	0.00166018	-0.0604095	0.0545502	0.0186035	0.552335	0.0858429	0.211157	0.178604	0.0235718	0.305676	-0.0575317	0.58757	0.149146	0.358774	-0.150513	0.0291016	0.331662	0.192712
498	0.521594	0.156033	-0.0951721	0.547699	0.0305206	0.535187	0.320554	0.572729	0.235361	0.276016	0.220276	0.311835	0.208398	0.564612	0.413995	0.396069	0.378696	-0.0139588	0.564514	0.233188	0.447311	0.492825	0.412244	0.707523	0.410034	0.358896	0.462424
497	0.260989	0.0935059	0.00408936	-0.0619476	-0.00561523	0.038028	0.0916138	0.386017	-0.179059	0.0236481	0.137485	0.229932	0.0451599	-0.159433	-0.176205	-0.169122	-0.0752991	-0.167566	0.291556	0.260037	0.210703	0.163574	0.0993042	0.352155	0.0887817	-0.30589	-0.0812622
496	-0.227628	-0.10188	0.0177337	-0.32543	-0.332089	-0.206409	-0.265036	-0.00282595	0.0755829	-0.14299	-0.0781403	0.234512	0.0396057	-0.24592	-0.298529	-0.410464	-0.135178	-0.0817108	-0.0883942	0.0376922	0.0129272	0.0142273	0.0113983	-0.0302826	-0.465906	-0.330075	-0.288507
495	0.2875	0.137033	0.374371	0.451056	0.133084	0.321695	0.175229	0.148349	0.725946	0.442831	0.647308	0.669373	0.313324	0.380545	0.42865	0.181546	0.411618	0.473556	0.450546	0.38154	0.281912	0.462039	0.369073	0.0956665	0.167056	0.400037	0.288632
494	0.355505	0.336774	0.554773	0.25264	0.361566	0.341321	0.522311	0.222662	0.6944	0.283264	0.515024	0.336484	0.435895	0.214575	0.588831	0.547168	0.248959	0.466849	0.337253	0.498364	0.168784	0.0475769	0.455563	0.223657	0.555121	0.450678	0.442874
493	0.140192	0.157483	0.0778931	0.324487	0.165851	0.52998	0.656134	0.275861	0.347641	0.0691132	0.368182	0.134424	0.440323	3.26526E-4	0.407736	0.278452	-0.0719147	0.217764	-0.0494537	0.505811	0.260406	0.0202515	0.278564	0.396625	0.178082	0.171768	0.205194
492	0.156366	0.113516	-0.0517792	0.0125702	0.0291412	0.226993	0.442212	0.255591	0.158505	0.263602	0.172562	0.0458557	0.354309	0.184622	0.114423	0.127798	-0.0910797	0.0186279	-0.124442	0.532153	0.213916	0.153046	-0.0851227	0.154443	0.232458	0.0776123	0.21528
491	0.469812	0.386847	0.317477	0.0760712	0.35329	0.111014	0.413098	0.294827	0.533234	0.318961	0.156726	-0.0157898	0.398126	0.380811	0.229166	0.276056	0.264465	0.280847	0.0390228	0.486746	0.340503	0.163947	0.151993	0.110123	0.414194	0.175421	0.308334
490	0.242551	0.0579925	-0.0687683	-0.0109925	0.254074	0.0577331	0.0904419	0.57265	0.370325	0.392169	0.120175	0.0610443	0.21333	0.268317	1.52564E-4	0.20379	0.388535	0.0280823	0.154709	0.155664	0.177872	0.225207	-0.0781678	0.0741028	0.109143	0.516125	0.159335
489	0.0758209	0.272568	-0.029599	0.18941	0.407147	0.326834	0.0588226	0.515021	0.265503	0.377997	0.381689	0.17334	0.324908	0.278967	0.0522461	0.175394	0.103729	0.0823852	0.573492	0.0499481	0.152844	0.440182	0.210022	0.399286	0.349167	0.641644	0.455069
488	-0.0457733	0.381766	-0.201416	0.251825	-0.0373413	0.274783	0.328796	0.0703858	0.256778	0.0925446	0.210419	-0.0348297	-0.00486449	0.175674	0.475772	-0.0619751	0.0942047	0.102713	0.173987	0.106116	-0.0135589	0.183023	0.196191	0.331165	0.274826	0.330359	0.41731
487	0.0341644	-0.062555	-0.288516	0.266717	-0.0243531	0.150311	0.0167022	-0.0590882	-0.0511627	-0.139209	0.0217193	-0.152582	-0.0979309	0.0880981	0.515436	0.0124481	0.192798	-0.156775	-0.0083832	0.374597	0.0172882	0.0375091	0.157031	0.140939	-0.0706757	0.300076	0.164481
486	0.141742	-0.289114	-0.129831	0.0436554	-0.0128173	0.141525	-0.116077	-0.208762	-0.106592	-0.172806	0.0600831	-0.0840515	-0.100958	-0.176797	0.10845	0.0862122	-0.113577	-0.0758575	-0.241046	0.157901	-0.0193511	-0.0134796	-0.0396514	-0.0756622	-0.20274	-0.0916931	0.263065
485	-0.205011	-0.224912	0.34393	0.0635345	0.0389374	0.0335022	0.108493	-0.133881	-0.125708	-0.0650147	0.510455	0.003067	0.0840515	-0.0580719	0.0326202	0.0508423	-0.278537	0.165775	0.134985	0.0717438	0.0694031	0.24967	-0.0134369	0.0734741	0.0883819	0.0559631	0.345682
484	0.078949	0.164893	0.553223	0.132587	0.259283	0.0285492	0.131995	0.246045	0.146329	0.166537	0.456506	0.279004	0.269522	0.223703	0.320432	0.40238	0.114151	0.225711	0.472693	0.306372	0.351788	0.291882	0.481836	0.349115	0.285675	0.182156	0.167139
483	0.353033	0.170013	0.514719	-0.0231476	0.256802	0.127841	0.0934631	0.0977417	0.222491	0.445081	0.421356	0.380768	0.573764	0.262247	0.225098	0.352173	0.161334	0.103854	0.689447	0.241766	0.564014	0.402585	0.323856	0.346072	0.00239259	0.303854	0.156818
482	0.144467	0.343839	0.609735	0.382779	0.564435	0.303586	0.427209	0.410724	0.452991	0.389139	0.499197	0.40029	0.767484	0.431796	0.395154	0.273062	0.229886	0.00861512	0.683713	0.359207	0.562674	0.266623	0.321793	0.505344	-0.00480345	0.248895	0.465668
481	0.0851563	0.312949	0.343204	0.500485	0.517453	0.230441	0.414462	0.422818	0.180219	0.348389	0.377557	0.281049	0.739258	0.413608	0.336691	0.223584	0.0794647	0.254291	0.103378	0.245392	0.309497	-0.115845	0.191873	0.188141	0.186771	0.38692	0.375659
480	0.039386	0.245679	0.357416	0.224939	0.34809	-0.0826843	0.387924	0.487857	0.0825348	0.348895	0.325253	-0.0875244	0.447995	0.214169	-0.105542	0.325488	0.0728241	0.300256	-0.0474121	0.287793	0.4056	-0.0471832	0.33483	-0.122714	0.159811	0.235242	0.237759
479	0.0220703	0.218805	0.502084	0.174402	0.407474	-0.0966827	0.195923	0.146222	-0.0495819	0.152734	0.172092	0.184708	-0.0625183	-0.19295	-0.241531	0.176291	-0.0726227	0.411069	0.0784576	0.0424438	0.0981628	0.258188	0.275082	0.0526214	0.0878143	0.206622	0.329938
478	0.199472	0.218924	0.364011	-0.0732117	0.195798	-0.0673553	-0.107993	-0.29939	0.0677124	-0.0301453	0.164368	0.140637	-0.10369	0.0109222	-0.00162659	0.212918	0.138339	0.228397	0.0115051	0.245193	0.112708	0.0381714	0.00901489	0.282205	0.105243	0.0980408	0.0536682
477	0.29422	0.242282	0.120047	-0.0513183	0.271777	0.166525	-0.152093	-0.172055	0.266589	-0.162253	0.116257	0.281561	0.140894	0.285092	0.231329	0.460062	-0.0307831	0.183279	-0.0631439	0.579761	0.320074	0.0114472	0.158594	0.290781	0.21348	0.26568	0.0701477
476	0.0124786	0.0590851	1.12891E-4	0.261615	0.0987854	0.118915	0.0964416	-0.0964325	-0.0101471	-0.15889	-0.155392	0.236456	0.15592	0.0599334	0.133658	0.228082	-0.191031	-0.0310059	0.0187195	0.36832	0.132211	-0.162183	0.141669	0.18306	0.196686	0.0530853	0.237405
475	-0.292166	-0.0868286	-0.0278107	0.0946503	0.0411652	-0.154721	-0.0899231	-0.214178	-0.209164	-0.181213	0.0450897	-0.0478424	0.181134	0.149387	-0.10249	0.204355	-0.0304169	-0.251309	0.042038	0.176242	0.10242	-0.203128	0.322186	0.149527	-0.035791	-0.113931	-0.395212
474	0.164124	0.239142	0.0837433	0.164941	0.040976	0.264807	-0.0318909	0.203177	-0.0528534	0.0985596	0.2181	0.229926	0.118018	0.155539	0.13273	0.444385	0.241724	0.0428284	0.0612824	0.306241	0.253333	0.216412	0.496762	0.252069	-0.0272247	0.113016	-0.0782471
473	0.25571	0.173062	-0.152621	0.328659	0.0680237	0.202435	0.0800873	0.412775	0.112363	0.291547	0.110071	0.224652	0.0309571	-0.0267212	0.15878	0.355112	-0.0803497	0.16748	-0.0706939	0.3013	0.017157	0.26825	0.250299	0.0466309	0.198489	0.13681	0.256509
472	-0.0945343	0.0592407	-0.167197	0.20549	0.112643	0.185834	-0.0342346	0.16709	-0.134265	-0.0778992	0.198895	0.0721619	-0.16311	-0.0694031	0.047403	0.0526276	-0.260165	0.276743	-0.154269	0.235263	-0.054657	0.162421	0.0935211	-0.256464	0.222488	-0.0554169	0.0360565
471	-0.112567	0.366107	0.0497864	0.310983	0.0184936	0.122156	0.12179	0.0209839	0.0311493	0.217969	0.306665	0.255954	-0.0401764	0.00161741	0.020636	0.0903442	0.0776092	0.416217	0.139801	0.214648	0.0768646	0.1763	0.342325	-0.105139	0.344727	-0.0256043	0.384375
470	-0.0495117	0.413489	0.204807	0.207376	0.11055	0.0239044	-0.0165283	0.188434	0.098761	0.30444	0.205634	0.157584	0.209015	0.264987	0.0838928	0.111951	-0.156909	0.471286	0.224002	0.0524719	0.41041	0.0217499	0.273846	0.0158173	0.133463	-0.0315094	0.531381
469	-0.16507	-0.0113922	-0.117242	0.136881	-0.201346	-0.120969	-0.21965	-0.0405487	-0.00959165	0.201898	-0.10451	-0.127982	0.102152	0.017157	0.0471741	-0.0907379	-0.304895	-0.174707	-0.219012	-0.0847931	0.120609	-0.0517883	-0.15773	-0.187234	-0.205838	-0.226327	0.13663
468	-0.221887	0.0714965	-0.0524109	-0.0403199	-0.0180726	-0.242105	-0.24437	-0.0826661	-0.128989	0.0432739	0.00874019	0.00990901	0.046466	0.247992	-0.146487	-0.108322	-0.187637	-0.259338	-0.115695	-0.00654607	0.139551	0.0952972	-0.178812	-0.152884	-0.1547	0.10762	-0.00587468
467	-0.0745117	0.301801	0.13042	-0.0197021	0.101935	-0.168997	0.0674561	-0.0274169	-0.0857025	0.241034	0.248883	0.183627	0.0589722	0.275836	0.0254242	0.220361	-0.107281	0.112753	-0.0801513	0.056424	0.335706	0.166141	-0.0558044	0.0606202	0.0811188	0.141837	0.0597443
466	0.226791	0.449957	0.339389	0.13309	0.372171	0.120917	0.385791	0.0688415	7.20203E-4	0.405872	0.482706	0.299509	0.397141	0.197754	0.200354	0.378082	0.436575	0.303796	0.221829	0.254846	0.45347	0.179016	0.144666	0.237958	0.113815	0.291354	0.172668
465	-0.142001	-0.504172	-0.309573	-0.282358	-0.160535	-0.0421814	-0.0627991	-0.0328675	-0.403622	-0.191888	-0.145746	-0.0351563	0.104312	-0.127771	-0.0876496	0.0489349	-0.122012	-0.284512	-0.132227	-0.211072	-0.0409241	-0.366501	-0.176563	-0.410663	-0.403217	-0.140237	-0.245078
464	-0.42251	-0.850357	-0.48266	-0.638626	-0.321417	-0.352008	-0.285251	-0.257852	-0.433673	-0.647702	-0.412653	-0.484265	-0.334	-0.467984	-0.222577	-0.385815	-0.459274	-0.499539	-0.372894	-0.390906	-0.310773	-0.483829	-0.141504	-0.587619	-0.530643	-0.432993	-0.4673
463	-0.14964	-0.292828	-0.277478	-0.329504	-0.131799	-0.272788	-0.324127	-0.20047	-0.28768	-0.303507	-0.176672	-0.152429	-0.328052	-0.351782	-0.266055	-0.0825226	-0.0981202	-0.293369	-0.252274	0.0233215	-0.0613434	-0.311804	0.0249664	0.193701	-0.127924	-0.404523	-0.169666
462	-0.164767	0.0980897	-0.063095	-0.118326	-0.0960601	-0.018927	-0.0827636	-0.00785518	-0.106479	-0.111127	0.0583466	-0.0413085	-0.101654	-0.128461	0.0525757	0.016504	-0.0513061	-0.135138	0.0920899	-0.0775756	-0.113019	-0.0901977	0.0293488	0.174249	-0.00587459	-0.177896	-0.0653625
461	-0.189059	0.0128967	0.0113861	0.191159	0.179175	-0.0110626	-0.0738861	0.0830292	0.123331	0.0727081	0.0529022	-0.0814514	-0.158588	0.0471954	0.150665	0.075769	-0.185855	0.114993	0.250415	-0.00752261	0.256781	-0.0692505	-0.0239289	-0.0926483	-0.112573	0.109683	0.0196502
460	0.237668	0.0106232	0.102329	0.125262	0.270929	0.299817	0.0765534	0.106842	0.0494507	0.274841	0.161279	0.0321167	-0.0375152	0.241141	0.233902	0.386316	0.126932	0.357693	0.404465	0.263687	0.405585	0.263742	0.103809	0.152612	0.0016022	0.299316	0.251083
459	0.240784	-0.0593933	-0.210324	-0.0215454	0.10705	0.143503	-0.00738523	0.0123474	-0.165317	0.336633	0.0288086	0.0878693	-0.0540252	-0.00458982	0.066275	-0.0850921	0.135281	0.29231	0.129248	0.107098	0.0283081	0.305829	0.0411194	0.0385651	0.0905365	0.156064	0.107547
458	-0.121149	-0.0617584	-0.377826	-0.221622	-0.154572	-0.289062	-0.365366	-0.281332	-0.422671	-0.0454864	-0.205832	-0.313852	-0.360107	-0.114004	-0.37764	-0.367194	-0.0879669	-0.0764923	-0.0396515	-0.150992	-0.321457	0.064325	-0.199622	-0.139075	-0.0452179	-0.118488	-0.272095
457	-0.203146	-0.2505	-0.143265	-0.144989	-0.23996	-0.296811	0.0263794	-0.132391	-0.287329	-0.154199	0.0672425	-0.14859	-0.0779724	0.20249	-0.223584	0.0670044	-0.0689819	-0.423459	-0.105682	-0.135947	-0.141183	-0.193951	-0.373788	-0.0541229	0.0225586	-0.0960815	-0.158264
456	-0.348151	-0.233801	-0.0819031	-0.335425	-0.138834	-0.0407654	0.212384	-0.159326	0.0281433	-0.0270935	0.120023	0.0299622	0.368802	0.189709	-0.118369	0.0873383	-0.171347	-0.385016	-0.0405548	-0.26174	-0.241037	-0.129556	-0.303567	0.0280029	0.0591064	-0.0409454	-0.0992371
455	-0.117017	0.15108	0.0276306	-0.422784	0.0102631	0.0571228	0.193472	-0.158737	-0.0674377	-0.0226013	-0.0646698	0.185184	0.284784	0.0186127	-0.117511	-0.00100095	0.0909332	0.0375641	0.0111969	-0.143784	-0.0458099	0.380127	-0.149658	0.0576264	-0.127954	0.0902802	-0.0411743
454	0.0667053	0.00224917	0.157828	-0.0759857	0.0158814	-0.0206909	0.193759	0.0123169	0.103952	0.0534943	-0.0606537	0.375674	0.0381928	-0.00115354	0.11998	0.225635	0.174847	0.249438	0.0240418	-0.011325	0.178738	0.624255	0.0124268	0.0430115	-0.0821411	0.395789	0.0647522
453	0.17453	0.0162506	0.119849	-0.00537109	0.0142822	0.120541	0.316028	0.0872467	-0.010083	0.0462036	0.0183167	0.314172	0.0594421	0.125803	0.236871	0.375949	0.0936829	0.181998	0.29397	0.149603	0.296823	0.501587	0.345471	0.180688	0.205057	0.403503	0.290536
452	-0.0516296	0.193915	0.0445526	0.162582	-0.0882294	0.0343292	-0.23541	0.110202	0.050824	0.115845	0.0534668	0.272971	-0.0421936	0.110745	0.1186	-0.0951996	0.0173615	0.278482	0.0110047	0.0435394	0.27294	0.017627	0.244165	0.206567	0.0788025	0.14682	0.409509
451	-0.0870147	0.110379	0.0355469	0.0938935	-0.0370422	-0.083197	-0.265106	0.339185	0.309341	-0.0347687	0.172403	0.10184	-0.141916	0.218085	0.0792694	0.102359	0.142148	0.175067	0.0592591	-0.0589233	0.122907	-0.24989	0.0621063	0.0825653	0.294428	0.147153	0.141055
450	-0.294635	-0.250147	-0.0867493	-0.360782	-0.218771	-0.178809	-0.118417	-0.0052979	-0.0249115	-0.126379	0.0772277	-0.298041	-0.233572	-0.18299	0.07052	0.113788	-0.0780121	-0.106003	0.171036	-0.263821	-0.123309	-0.367398	-0.221945	-0.0529175	-0.165488	-0.122836	-0.2716
449	-0.0951935	-0.0520264	0.0936767	-0.160498	0.0356659	-0.0390717	0.105829	0.126279	0.271475	0.0276428	0.13981	0.0381927	0.0747681	0.0775024	0.156024	0.213483	0.0239227	0.378415	0.0990539	0.0698608	0.0540924	0.133066	0.0728424	-0.078537	0.0578583	0.197501	0.263184
448	-0.00774839	0.0462067	0.181363	0.0663452	-0.0176574	-0.0203033	-0.0753204	0.109549	0.0365174	0.026352	0.110205	-0.0114288	0.159509	0.0597351	0.0185669	0.232275	0.268396	0.369089	-0.0245483	0.270572	0.158994	0.0949127	0.0680786	-0.0872558	0.227063	0.374948	0.266803
447	0.014508	-0.0692231	-0.0984101	-0.101355	-0.166162	0.0407226	-0.0285859	-0.1444	-3.75414E-4	0.0222412	-0.0930695	0.0692535	0.032843	-0.0774445	-0.0576447	-0.0497956	-0.0616852	0.0611022	0.0349182	0.0311523	0.0986084	-0.029596	-0.0555024	0.0878601	-0.0906403	-0.0981568	-0.239893
446	0.0248749	-0.0951416	-0.206195	-0.21286	-0.240573	0.205353	-0.205829	-0.209158	4.63891E-4	-0.262451	-0.199698	-0.00807493	-0.144843	-0.329581	0.0286408	-0.0216217	-0.448761	-0.00693662	-0.0887298	-0.212183	-0.25144	-0.231116	-0.0157928	-0.0452606	-0.350522	-0.313379	-0.163101
445	0.266202	0.194067	0.0144195	-0.0191864	-0.0493805	0.383572	2.89905E-4	-0.00487062	0.152002	-0.225299	0.0441254	-0.0712952	-0.077417	-0.0702454	0.158109	0.195322	-0.0672485	0.00926207	0.022763	-0.0440888	-0.210071	0.190726	0.110648	0.207535	-0.160056	0.154785	0.0631561
444	0.340121	0.223746	0.342325	0.157452	0.0928741	0.412387	0.339459	0.2082	0.402356	0.274869	0.269879	0.231354	0.27634	0.298541	0.275497	0.244962	0.27128	0.224777	0.180237	0.214615	0.278726	0.314139	0.351678	0.375717	0.235056	0.307416	0.266779
443	0.133829	0.0497864	0.156274	0.192703	-0.0614136	0.146927	0.173743	0.210498	0.19895	0.390417	0.120456	0.324341	0.368954	0.13222	0.0726868	0.171902	0.0691437	0.14794	0.502994	0.232364	0.410669	0.50423	0.334848	0.175494	0.335355	0.306055	0.214905
442	-0.181332	0.0785156	-0.130859	0.127847	-0.291449	-0.0870148	-0.142233	0.0345856	0.116617	0.310654	-0.0213654	0.214859	0.128357	0.0479065	-0.0136047	0.15694	0.125513	0.098584	0.346732	0.258783	0.0772674	0.105978	0.324088	-0.242197	0.123492	0.228989	-0.00205384
441	-0.242477	0.246646	-0.0485871	-0.00991824	-0.178607	-0.084195	0.170975	0.0176239	0.100708	0.224741	0.0852173	-0.00758669	0.0162658	-0.20242	-0.140289	0.144009	0.245349	-0.0698914	0.0599304	0.20932	0.134537	-0.104694	0.363007	-0.156601	-0.0420716	0.366721	0.123776
440	3.90649E-4	0.267801	0.0299378	-0.0154266	0.0637238	-0.2685	0.143799	0.201831	0.11984	0.00519717	-7.93219E-5	0.0342407	0.0334137	-0.28584	-0.0370178	0.0334534	0.307636	-0.0503876	-0.198251	0.124625	0.0724121	-0.041748	0.00940859	-0.0151275	0.151907	0.132166	0.217816
439	0.177365	0.254752	0.466406	0.358926	0.231195	0.162802	0.295459	0.416376	0.247467	-0.00923156	0.074411	0.0852936	0.328766	0.107712	0.301089	0.331531	0.213599	0.129886	0.0873962	0.334177	0.330289	0.0160706	-0.0572204	0.177585	0.255038	-0.15863	0.282639
438	-0.181479	0.0202026	-0.0144166	-0.122168	-0.206613	-0.268329	-0.198978	-0.0655701	-0.0620636	-0.263101	-0.130252	-0.136789	-0.0192353	0.117496	-0.146939	-0.205655	-0.238223	0.0106323	-0.00946355	-0.22132	0.130386	-0.27229	-0.189694	0.10029	0.0485687	-0.331509	0.125714
437	-0.286032	-0.21214	-0.0587525	-0.0913941	-0.23967	-0.363654	-0.0715973	-0.114697	-0.068927	-0.314923	-0.0484162	-0.100797	-0.116455	0.106235	-0.413092	-0.159576	-0.309723	-0.0960114	-0.0894287	-0.300259	0.0372986	-0.255753	-0.0893006	0.139651	-0.195483	-0.239957	-0.146695
436	-0.296646	-0.241748	-0.0723877	-0.0806365	0.0278534	-0.222659	0.149243	-0.143661	0.125134	-0.193011	-0.127771	-0.0317901	-0.19212	0.0444336	-0.123981	-0.0261016	-0.134198	-0.294784	0.0313386	-0.0785705	-0.120706	-0.030368	-0.119421	0.021167	-0.118005	-0.0977447	0.0617371
435	-0.402377	0.0652161	-0.135657	-0.239569	-0.158215	-0.127853	-0.0937988	-0.280017	-0.0858032	-0.119095	-0.213602	-0.118314	-0.37792	0.0351624	-0.244891	-0.210345	-0.145529	-0.234665	-0.154019	0.032016	-0.0573516	-0.193329	-0.177527	-0.242917	-0.00793452	-0.154529	-0.125314
434	0.320523	0.251205	0.13287	-0.218219	0.115756	0.295139	-0.0597565	0.145709	-0.01073	0.190518	0.0526855	0.0881531	-0.0279327	0.22915	-0.0665833	-0.0197388	0.270135	0.233664	0.126666	0.281818	0.0342255	-0.0343597	0.151263	0.247708	0.230621	0.179111	0.274426
433	0.477185	0.0702454	0.18634	0.179633	0.167041	0.386209	0.0570892	0.31048	0.129364	0.226215	0.238452	0.518155	0.246872	0.262335	0.253616	0.138135	0.358435	0.139243	0.297501	0.147025	0.262717	0.229721	0.257584	0.363748	0.275494	0.179593	0.363974
432	0.295749	0.0320496	0.17182	0.02276	-0.0221832	0.149628	0.0869049	0.0370239	0.101242	0.161078	0.151263	0.0555634	0.217911	-0.0499329	0.250668	0.186292	0.277182	0.0146454	0.041803	0.0369904	0.197195	0.128293	0.13179	0.283298	0.236646	0.0989593	0.0671844
431	-0.0493408	0.090155	0.0837219	-0.249103	-0.144116	0.276492	-0.127832	-0.158099	-0.084967	0.14256	-0.0573547	-0.17677	-0.0733368	-0.21066	-0.0946686	0.14671	-0.0423096	-0.132263	-0.243118	0.00430909	-0.0408203	-0.00710143	-0.0159607	0.294031	0.0929138	0.133945	-0.129956
430	-0.0836212	-0.0130432	0.132999	0.00216368	0.0721527	0.203006	-0.232718	-0.0906921	0.0565491	-0.052533	-0.206509	-0.114731	-0.146228	0.0373413	0.0774811	0.0351471	-0.016568	-0.0707398	-0.00725404	0.122952	-0.077066	0.152078	0.0513611	0.229779	0.127502	0.310526	-0.0443024
429	0.232501	0.197656	0.250696	0.345892	0.410071	0.313739	0.0269134	0.238162	0.155289	0.0466644	0.152686	0.160513	-0.0128052	0.32211	0.43038	0.230847	0.264102	0.130749	0.464505	0.178818	0.0601806	0.247333	0.230313	0.227466	0.173599	0.406079	0.156308
428	0.106787	0.0775513	0.363638	0.0719299	0.0257416	0.187616	0.0618317	0.165094	-0.0640259	-0.0299499	0.199527	0.00720216	-0.0621887	0.0779053	0.0231079	0.0728821	0.120923	0.0116303	0.228326	-0.107507	-0.024115	-0.113373	0.0267456	0.120178	-0.0980286	0.232126	-0.00578612
427	0.0181732	-0.0717682	0.189981	-0.153333	-0.0695587	-0.0677521	-0.131146	-0.133185	-0.163422	-0.0871277	-0.00611269	-0.0705963	-0.198328	0.044104	-0.107715	-0.185715	0.0167419	0.173379	-0.152921	-0.280148	-0.0272675	-0.0119477	-0.164087	-0.0143555	-0.247797	-0.0661743	-0.108688
426	0.133337	-0.117276	0.163947	0.0672363	0.192175	0.205264	0.181885	0.153555	0.114484	0.0920776	0.284036	0.0163208	0.235596	0.370871	0.145532	0.151373	-0.0191254	0.130124	-0.191708	0.0848663	0.166476	0.476788	0.0741546	0.092865	-0.0184326	0.0762024	-0.0590729
425	0.0429474	0.106006	0.166977	0.0950256	0.224582	0.311203	0.427197	0.189423	0.157336	-0.0882782	0.234198	0.176877	0.292493	0.224918	0.0758606	0.169458	0.142773	0.0989349	-0.0232788	0.230618	0.353659	0.34769	-0.054187	0.259195	0.30145	0.327267	0.176688
424	-0.173642	-0.107617	-0.0573913	-0.303378	-0.0885651	-0.0386505	0.042276	-0.303915	-0.0392303	-0.366983	0.0166016	0.195944	-0.182587	-0.0903717	-0.127359	-0.0868744	0.0932343	-0.0157318	-0.27186	-0.0254303	0.111508	0.0645416	0.0258728	0.0408264	0.14798	0.0659729	0.100186
423	-0.0982392	-0.0749329	0.0504211	-0.0445496	-0.145874	0.0261596	-0.296619	-0.309268	-0.191794	-0.0370423	0.216196	0.258585	-0.023114	0.161548	-0.169284	0.0249573	0.161163	0.0119201	-0.0987305	-0.239093	-0.0372711	0.0252167	0.0273071	-5.15771E-4	0.140866	-0.0907563	-0.0182923
422	0.224469	0.217688	0.288217	0.504388	0.149771	0.305005	0.271161	0.330981	0.137372	0.237839	0.420905	0.351648	0.337814	0.400693	0.0883515	0.121643	0.30827	0.321017	0.269894	0.189001	0.10672	0.376132	0.191565	0.286285	0.342743	0.434174	0.215063
421	0.0248993	0.0112366	-0.079425	0.278976	-0.123068	0.012204	0.111688	0.0685181	0.0460083	-0.0015228	0.191849	0.0623963	0.0310089	-0.127896	-0.0456848	-0.118182	-0.203729	0.0745301	0.0444	-0.108704	-0.255487	0.113901	-0.0290954	-0.0174011	0.189066	0.0743164	-0.0638336
420	-0.00430601	0.115775	0.280444	0.279984	-0.00779722	0.0216187	0.217865	0.114175	-0.115408	0.0335419	0.226932	0.254218	0.13031	0.0212403	0.0700348	0.259686	-0.0106384	0.156091	0.146335	0.0145844	-0.0156158	0.0553162	0.13382	0.0316284	0.250424	-0.144485	0.122916
419	0.212619	0.206412	0.759854	0.18782	0.291391	0.293365	0.474387	0.178256	0.113596	0.0894867	0.221268	0.327823	0.297513	0.308032	0.21907	0.431836	0.51976	0.332544	0.264954	0.35542	0.193439	0.276389	0.295059	0.178918	0.179153	0.0908935	0.371826
418	0.254626	0.183298	0.376483	0.279504	0.281918	0.314871	0.235928	0.129617	0.277982	0.211139	0.287476	0.271561	0.250699	0.532245	0.268091	0.413532	0.475491	0.276093	0.367142	0.171835	0.280447	0.296033	0.34245	0.192078	0.32074	0.200616	0.336884
417	0.108582	0.00855105	0.106934	0.0858582	-0.0364807	0.146433	-0.223807	0.118781	0.0102234	0.0419037	0.401227	0.0268646	0.0581269	0.250256	-0.074881	0.146204	0.145172	0.160834	0.0752625	-0.0175903	0.151059	0.191373	0.038675	0.138449	0.226923	-0.0209259	0.0866944
416	-0.194077	-0.182083	0.148199	-0.244394	-0.177142	-0.0525574	-0.327957	-0.213846	-0.0934937	0.03125	0.0909454	-0.0602661	0.0251801	-0.0788696	-0.343716	-0.162601	-0.121851	-0.0688507	-0.370618	-0.10231	0.0862518	-0.0759338	-0.0324738	-0.226251	-0.134457	0.0220398	-0.0295349
415	-0.230218	-0.0597595	0.0778351	-0.290387	-0.245959	-0.0300598	0.0599427	-0.0863647	0.0480499	-0.00167844	-0.111557	-0.166339	0.177246	0.0419251	-0.199829	0.0898468	-0.191315	-0.032315	0.163855	-0.100723	0.174554	-0.185983	0.0124787	-0.219913	-0.0342743	0.122604	-0.0146423
414	-0.0196472	0.12829	0.165613	-0.196896	0.119589	0.227679	-0.0857117	0.0223816	0.0215515	0.0111145	0.162411	-0.0334564	0.00367736	0.12511	-0.067334	-0.0130798	-0.13136	0.0848236	0.363391	0.156128	0.263974	0.026828	0.01539	-0.0407562	0.100464	0.219534	0.00930175
413	0.163492	0.0833191	0.180252	-0.0572571	0.255353	0.211688	-0.220941	0.064325	-0.0169586	0.0782227	0.150098	0.161761	0.0686554	0.0948181	0.184671	-0.142072	-0.20802	-0.0955627	0.217169	0.066217	-0.0105255	0.22359	0.134131	-0.0577332	0.0344025	0.167731	-0.0133514
412	-0.26586	-0.202237	-0.112198	-0.284415	-0.159503	-0.290231	-0.35419	-0.381586	-0.288709	-0.198337	-0.341257	-8.33154E-4	0.0332184	-0.150061	-0.0779206	-0.259934	-0.296039	-0.178058	-0.135211	-0.342288	-0.265225	0.00702817	-0.0114258	-0.285782	-0.249771	-0.174963	-0.186212
411	-0.45007	-0.256018	-0.374835	-0.473514	-0.199585	-0.474103	-0.558023	-0.524234	-0.423172	-0.255081	-0.261166	-0.240402	-0.346799	-0.200836	-0.306042	-0.162994	-0.295901	-0.0803192	-0.381546	-0.501144	-0.313101	-0.246252	-0.172201	-0.111859	-0.336545	-0.296246	-0.285709
410	-0.302975	-0.0532592	-0.190445	-0.26947	-0.316556	-0.204843	-0.18783	-0.294513	-0.296878	-0.295279	0.0902253	-0.187152	-0.425824	-0.140683	-0.229504	-0.124292	-0.341016	-0.251517	-0.196555	-0.385178	-0.157907	-0.159219	-0.30289	0.0150483	-0.210538	-0.0854583	-0.141937
409	-0.0376343	-0.0789703	-0.0438843	-0.0485656	-0.171802	-0.0615967	0.0909149	0.0262909	-0.194598	0.0517975	0.209274	0.157495	0.0982422	-0.00924375	0.142163	-0.108325	-0.262018	-0.0403106	-0.119632	0.0408783	-0.192914	0.0311493	-0.105478	0.0412079	0.0333832	0.0544342	0.108612
408	0.0678345	-0.0985871	0.116541	0.202612	-0.077948	0.027301	-0.0221069	0.170508	-0.230637	0.00255126	0.17764	0.227884	0.325571	0.0821899	0.173978	0.0447204	-0.0534882	0.17977	-0.0206665	0.0505768	-0.239493	0.142599	0.146149	-0.0219483	0.112122	-0.0261109	-0.0595703
407	0.0628875	-0.144363	0.0398925	-0.140332	-0.047342	-0.178989	-0.427335	0.120868	-0.19646	-0.140176	0.0185241	0.0491943	-0.0059113	-0.200311	0.0598297	-0.170474	-0.270999	-0.1298	-0.278207	0.0347198	-0.16861	-0.147669	-0.010022	-0.0190156	-0.0435822	-0.0319825	-0.446848
406	0.0459381	-0.102429	0.152573	-0.152612	-0.164633	-0.306232	-0.188318	0.0289948	-0.262466	-0.0349579	-0.0166961	0.0350556	0.0796295	0.0996186	-0.183218	-0.236212	-0.179303	-0.00935361	0.0585205	0.0151337	-0.0011749	-0.146085	0.0599945	0.015857	-0.118491	-0.107687	-0.143762
405	0.0633209	-0.0113922	0.403809	0.0292938	0.0435455	0.094696	0.170358	0.109476	0.0126556	0.217868	0.263141	0.178519	0.0351471	0.256522	0.103494	-0.118222	-0.0176026	0.12955	0.0284607	-0.0381867	0.118756	-0.110321	-0.0382263	-0.0591644	-0.0206116	-0.00234987	0.33175
404	-0.0131775	-0.0777221	0.246878	0.0836151	0.186603	0.289475	-0.0371765	0.139188	0.0520416	0.329761	-0.0109955	0.140967	0.0186829	0.116132	0.202161	-0.123181	-0.116327	0.03396	-0.0493591	-0.0185547	-0.0170776	-0.173364	-0.270245	0.101752	-0.129877	0.181921	0.0183472
403	-0.258484	0.106332	-0.0512818	-0.159244	0.0978119	-0.049762	-0.197809	-0.165064	-0.17551	0.196149	-0.138831	0.129208	-0.041153	-0.0954804	-0.0555817	-0.286453	-0.296573	-0.100391	-0.028653	-0.0690979	-0.10704	-0.0754975	-0.148239	-0.0862915	-0.431348	0.00137937	0.118918
402	-0.271625	0.20459	0.0543762	-0.143497	0.0586945	-0.0168823	0.149036	-0.0082794	0.0198609	0.0610596	0.0860596	0.119428	0.046933	-2.77686E-4	-0.0164367	0.0722962	-0.11582	-0.225787	0.282733	-0.0617859	0.396127	0.0580231	-0.0562347	-0.124377	-0.189532	0.0644592	0.152817
401	-0.185373	-0.270053	-0.156244	-0.188318	-0.178531	-0.274191	0.107843	-0.0380097	0.108118	-0.248068	-0.0607514	0.0884124	-0.0682007	-0.341245	-0.0401795	-0.0991028	-0.169635	-0.545825	-0.240671	-0.242902	-0.0111664	-0.232504	-0.148499	-0.286066	-0.347629	-0.125919	-0.166647
400	-0.0824921	-0.0569885	0.0461884	-0.230844	-0.225906	-0.148743	-0.108429	0.0518097	0.232153	-0.164395	0.0411408	0.201874	0.192566	-0.0329223	-0.035321	-0.0178589	-0.213663	-0.293671	-0.0738739	-0.0240234	-0.0581634	-0.192517	-0.0579803	-0.138974	-0.224265	-0.0618194	-0.13634
399	-0.329932	-0.022641	-0.0806152	-0.396197	-0.280371	-0.212161	-0.417636	-0.206744	0.108673	-0.234064	-0.084024	-0.212494	-0.0792267	-0.318277	-0.278714	-0.217892	-0.25379	-0.286487	-0.273834	-0.167905	-0.266962	-0.426556	-0.454089	-0.244571	-0.395657	-0.369049	-0.47793
398	-0.150348	-0.137958	-0.0465119	-0.222809	-0.109195	-0.0609101	-0.218118	0.0681427	0.0688842	0.062564	-0.141751	-0.229437	-0.114819	-0.294797	-0.35972	-0.305228	-0.176248	-0.228748	-0.640451	-0.197971	-0.286115	-0.395706	-0.448737	-0.17146	-0.212271	-0.331043	-0.340869
397	0.0389709	-0.239655	-0.0833405	0.0513092	0.0974426	-0.115326	-0.223355	-0.0168121	-0.0186798	0.176047	0.0174621	-0.156485	0.0339264	-0.276743	-0.273822	-0.0908539	-0.304745	-0.258661	-0.447861	-0.395935	-0.427307	-0.379752	-0.370767	-0.15903	-0.219501	-0.320862	-0.344012
396	0.0181366	0.016156	-0.0719024	-0.154059	0.0812897	-0.186053	-0.0193023	-0.114767	0.0995636	-0.0880829	0.0642212	-0.355853	-0.26048	-0.239682	-0.276703	-0.114603	-0.569894	-0.335745	-0.0145141	-0.566211	-0.468008	-0.344138	-0.18772	-0.267139	-0.226074	-0.28826	-0.377698
395	-0.0401001	0.112384	0.052948	-0.165802	0.128363	-0.0299621	0.0610626	-0.0270202	0.268384	-0.055841	-0.0335937	-0.120435	-0.373251	-0.203864	-0.443954	-0.176807	-0.396417	-0.459033	-0.0588592	-0.609442	-0.403882	-0.358752	-0.172855	-0.199564	0.03815	-0.250964	-0.309781
394	-0.181061	0.0163086	-0.16008	-0.0272735	-0.0904877	-0.138477	0.0414734	-0.0814789	-0.203769	0.00262758	-0.18967	-0.136539	-0.231583	-0.282986	-0.549411	-0.409302	-0.517456	-0.789334	-0.472556	-0.809283	-0.816367	-0.681638	-0.37615	-0.458084	-0.272736	-0.677542	-0.546634
393	-0.274872	-0.231735	-0.310205	-0.114365	-0.113898	-0.412759	-0.17222	-0.0505798	-0.246518	-0.354303	-0.223224	-0.514996	-0.329642	-0.493448	-0.417755	-0.563931	-0.722726	-0.926501	-0.921374	-0.956137	-0.917264	-0.762128	-0.836639	-0.751044	-0.743347	-0.981348	-0.664548
392	-0.107358	-0.379117	-0.114468	-0.164615	-0.0618714	-0.287051	-0.324658	-0.127582	-0.298013	-0.228146	-0.349997	-0.63681	-0.509171	-0.459061	-0.464322	-0.785889	-0.920172	-1.06122	-0.952332	-1.14154	-1.08466	-0.926193	-0.936136	-0.845404	-1.0042	-0.901785	-0.956528
391	0.255008	-0.0554535	0.0201019	0.0662018	0.144894	0.068164	-0.0402405	-0.0119843	-0.241049	0.175482	-0.131235	-0.0977661	-0.236255	-0.256363	-0.176105	-0.630774	-0.928723	-1.00958	-0.781812	-1.06924	-1.12005	-0.994995	-0.821878	-0.876126	-0.972763	-1.0394	-0.676413
390	0.414258	0.0693146	0.172061	0.252417	0.184079	-0.0278595	-0.0847016	-0.141702	0.0563171	0.0997833	0.00213317	-0.014801	-0.143314	-0.152185	-0.201624	-0.54964	-1.0036	-1.02251	-1.17737	-1.14712	-1.06463	-1.16704	-0.98797	-0.968445	-1.1256	-1.11135	-0.982504
389	-0.0530273	0.0295746	0.00637208	-0.138046	-0.131436	-0.0905792	-0.207962	-0.399997	-0.0392822	-0.156781	-0.216516	-0.657632	-0.259006	-0.453094	-0.613086	-0.946576	-1.31185	-1.56649	-1.6386	-1.65361	-1.42988	-1.53654	-1.461	-1.25489	-1.58983	-1.34372	-1.44731
388	-0.128369	-0.131454	-0.032901	-0.436667	-0.116547	0.0729278	-0.159317	-0.511948	-0.308264	-0.069101	-0.271103	-0.508997	-0.241443	-0.592548	-0.849121	-1.25396	-1.4831	-1.91334	-1.86696	-1.95615	-1.80318	-1.88518	-1.79108	-1.52902	-1.77387	-1.79157	-1.95081
387	0.115274	-0.16297	0.198361	-0.0361115	-0.0505402	0.205176	-0.117807	-0.298956	-0.304004	-0.167184	-0.245737	-0.414005	-0.387708	-0.505023	-0.731345	-1.40715	-1.5541	-1.82614	-2.21271	-2.18545	-1.89483	-2.13781	-1.79702	-1.84425	-1.94153	-2.17597	-2.0683
386	-0.0726502	-0.401511	0.0875671	0.114774	-0.289056	-0.128598	-0.354099	-0.27738	-0.415036	-0.26506	-0.316901	-0.25191	-0.469766	-0.94119	-0.876736	-1.51183	-1.9868	-2.35708	-2.52817	-2.68256	-2.55918	-2.76773	-2.41855	-2.45786	-2.59178	-2.4683	-2.42732
385	-0.0817505	-4.27234E-4	-0.208188	-0.118106	-0.351935	-0.0825439	-0.189423	-0.135867	-0.384857	-0.301761	-0.190112	0.0591705	-0.583148	-0.590088	-0.637534	-1.28111	-1.93759	-2.50504	-2.61256	-2.63304	-2.89334	-2.92952	-2.82295	-2.65707	-2.90848	-2.88811	-2.46715
384	-0.209027	-0.380084	-0.297302	-0.460059	-0.396326	-0.411139	-0.410388	-0.404105	-0.514444	-0.472803	-0.399393	-0.0520935	-0.736115	-0.685062	-0.677896	-1.74206	-2.34017	-2.69134	-3.21202	-3.21374	-3.37902	-3.35989	-3.06234	-3.02553	-3.30663	-3.37465	-3.01439
383	-0.293961	-0.54931	-0.282581	-0.22088	-0.236548	-0.466528	-0.223746	-0.332895	-0.40256	-0.386847	-0.347003	-0.237881	-0.481921	-0.694693	-0.683762	-1.72179	-2.60303	-2.74396	-3.33021	-3.38135	-3.42581	-3.2805	-3.05828	-3.4105	-3.31133	-3.32612	-3.22743
382	-0.0332489	0.0325195	-0.0684174	0.0600067	0.152057	-0.0117737	0.169028	-0.0849213	-0.0281647	-0.181751	0.00402526	0.0775604	-0.0946503	-0.205048	-0.541086	-1.32361	-2.24576	-2.63672	-3.15367	-3.01956	-3.22317	-3.14316	-2.77077	-2.97014	-2.97986	-3.40842	-3.07825
381	0.0156128	-0.102722	0.18371	-0.190137	-0.175906	-0.0862549	-0.0824036	0.11886	0.0854156	0.0545593	-0.106671	0.0801636	-0.282312	-0.380963	-0.546954	-1.6491	-2.28214	-2.714	-3.23216	-2.97879	-3.16342	-3.37823	-3.07691	-2.94557	-3.1718	-3.31851	-3.03866
380	-0.113135	-0.341211	-0.156973	-0.589847	-0.407813	-0.290765	-0.411243	0.0424072	-0.303024	-0.114963	-0.344083	-0.196698	-0.446042	-0.340292	-0.785281	-1.58067	-2.14158	-2.92659	-3.29617	-2.91147	-2.97472	-3.3226	-3.17379	-2.8263	-3.37183	-3.07827	-3.0672
379	-0.0692352	-0.0763977	-0.0947479	-0.46282	-0.117682	-0.253787	-0.337012	0.0981445	-0.070874	-0.110101	-0.426163	-0.230295	-0.290176	-0.469717	-0.594104	-1.13648	-1.83994	-2.4088	-2.82447	-2.53624	-2.70093	-2.866	-2.53168	-2.57365	-2.65426	-2.70707	-2.59515
378	-0.34595	-0.178842	-0.0400604	-0.411511	-0.431015	-0.159857	-0.397214	0.148154	0.0991821	-0.204926	-0.263928	-0.129633	-0.259857	-0.297787	-0.514124	-1.16349	-1.60403	-1.9722	-2.34889	-2.17961	-2.32415	-2.49008	-2.06414	-2.31465	-2.16928	-2.39935	-2.28488
377	-0.35925	-0.0942474	-0.263187	-0.298065	-0.203766	-0.290945	-0.686276	-0.0342346	-0.10444	-0.428073	-0.243951	-0.0561127	-0.328955	-0.174921	-0.708618	-1.15951	-1.57305	-1.97836	-1.86071	-2.0846	-2.16684	-2.29747	-1.97619	-2.16518	-1.79635	-2.33779	-1.77261
376	-0.0107544	-0.0255463	-0.283096	-0.112463	0.179236	-0.0811584	-0.361932	0.0145996	0.236069	0.0160095	-0.2513	-0.121127	-0.261429	-0.127087	-0.555777	-1.03072	-1.53655	-1.70797	-1.61914	-1.85312	-2.00025	-1.86697	-1.75172	-1.91602	-1.55898	-1.68962	-1.52481
375	-0.17973	0.053595	-0.313654	-0.278146	-0.173044	-0.19613	-0.318457	0.131451	-0.0587219	-0.161551	-0.183017	-0.240903	-0.0972229	-0.45018	-0.540857	-1.17116	-1.47387	-1.47758	-1.63564	-1.68367	-1.97501	-1.70345	-1.63693	-1.73929	-1.59581	-1.64767	-1.39283
374	-0.431281	-0.278839	-0.465222	-0.45575	-0.346292	-0.343509	-0.513672	0.054776	-0.515482	-0.508109	-0.17793	-0.32193	-0.214301	-0.295834	-0.638834	-1.21249	-1.41843	-1.62725	-1.64189	-1.65635	-1.82049	-1.65766	-1.67829	-1.58544	-1.57084	-1.71027	-1.43305
373	-0.484122	-0.35347	-0.369485	-0.270258	-0.522723	-0.12366	-0.469171	0.00863649	-0.569479	-0.245398	-0.288162	-0.351514	-0.515204	-0.134244	-0.718079	-1.16459	-1.30336	-1.5197	-1.38593	-1.56851	-1.74405	-1.6114	-1.43175	-1.48315	-1.67469	-1.55771	-1.44284
372	-0.280377	-0.230383	-0.339246	-0.186111	-0.248648	-0.0420044	-0.441357	-0.015979	-0.199509	-0.157358	-0.144254	-0.282239	-0.414832	-0.292828	-0.379266	-0.942419	-1.07588	-1.47517	-1.46574	-1.51317	-1.60995	-1.54273	-1.53181	-1.60157	-1.6263	-1.27195	-1.07945
371	0.0203736	-0.0711456	-0.0881836	-0.0549072	0.204419	-0.00687253	-0.0526855	0.0888733	0.0242401	0.0690735	0.0438568	0.190344	0.162497	-0.251044	-0.0349792	-0.638492	-1.00938	-1.2996	-1.38851	-1.38504	-1.52653	-1.59698	-1.4168	-1.24781	-1.47447	-1.26166	-1.17897
370	-0.231345	-0.242645	0.024057	-0.28197	0.0686096	-0.135754	0.15657	-0.0302521	-0.0436554	0.30256	0.176822	-0.044754	-0.0643341	-0.326904	-0.253348	-0.990381	-1.38519	-1.4921	-1.60801	-1.71645	-1.72099	-1.72361	-1.67189	-1.64864	-1.62553	-1.6487	-1.3367
369	-0.141895	-0.263858	-0.33111	-0.252661	-0.400955	-0.336911	-0.254367	-0.30788	-0.178229	-0.0813995	-0.0640411	-0.17587	-0.30274	-0.379761	-0.407452	-1.2256	-1.55065	-2.08289	-2.08125	-2.23168	-2.136	-2.11307	-1.98605	-2.19769	-1.90019	-2.30515	-1.626
368	0.164429	-0.312149	-0.101996	-0.144546	-0.337338	-0.0623474	0.0333527	-0.0259918	-0.0190307	-0.0664642	-0.0984497	-0.0321075	0.190234	-0.344916	-0.576892	-1.15673	-1.57797	-2.33083	-2.25273	-2.47147	-2.30929	-2.5559	-2.24632	-2.42877	-2.1287	-2.35009	-1.95238
367	-0.049527	-0.401129	-0.079425	-0.153058	-0.19465	-0.163333	0.0619171	0.105627	0.0215424	0.302414	-0.0772491	0.0204102	0.366083	-0.211676	-0.468964	-1.06132	-1.89106	-2.22454	-2.6562	-2.85893	-2.53261	-2.79757	-2.53036	-2.77735	-2.65134	-2.52382	-2.24081
366	-0.572192	-0.357565	-0.463992	-0.534848	-0.277945	-0.291025	-0.18663	-0.213806	-0.341309	0.390961	-0.139822	0.0357116	-0.138748	-0.22215	-0.826874	-1.43848	-2.45773	-2.87479	-3.25536	-3.56313	-3.32915	-3.38723	-3.22087	-3.35315	-3.30516	-3.2506	-3.22916
365	-0.300836	-0.112707	-0.315274	-0.412073	-0.294138	-0.220789	0.0660523	0.207205	0.0783051	0.40705	0.278033	0.209399	0.00939333	0.0286896	-0.522513	-1.36746	-2.49748	-3.24337	-3.6339	-3.79334	-3.7787	-3.56906	-3.80457	-3.67039	-3.81084	-3.59482	-3.66187
364	-0.346899	-0.355264	-0.402695	-0.305655	-0.42728	-0.248279	-0.093982	-0.0552094	0.275095	0.0936706	0.0890381	0.191525	0.282178	0.380609	-0.314233	-1.43944	-2.67884	-3.46021	-3.86875	-4.06614	-4.3335	-4.41801	-4.24876	-4.29555	-4.48386	-4.34082	-3.9588
363	-0.119922	-0.321823	-0.556979	-0.333008	-0.219302	-0.0292816	-0.218698	-0.203806	0.275092	0.00585328	0.0566467	0.188507	0.44292	0.180869	-0.32811	-1.25028	-2.71853	-3.57998	-4.02834	-4.32281	-4.48459	-4.69249	-4.17212	-4.63026	-4.62676	-4.45	-4.44626
362	-0.0485108	-0.230176	-0.353943	-0.322107	-0.15181	0.215793	-0.163733	0.142395	0.4836	0.23223	0.207663	0.509091	0.288931	0.313269	0.233997	-1.0486	-2.68111	-3.30244	-4.12697	-4.12422	-4.31046	-4.67844	-4.18305	-4.57515	-4.55104	-4.36884	-4.63326
361	-0.11449	-0.230435	0.00355226	-0.495074	0.0362702	0.0582092	-0.0137787	0.269824	0.344647	0.431519	0.120593	0.625003	0.262357	0.430035	0.256494	-1.19509	-2.26202	-2.88508	-3.6852	-3.77177	-3.71052	-4.02258	-4.08591	-4.42247	-4.02682	-4.14732	-4.12126
360	-0.148154	-0.161438	-0.0454742	-0.434683	0.0556183	-0.370258	0.0402496	0.342444	0.133844	0.360675	0.259747	0.626532	0.129428	0.280807	0.182614	-0.897769	-1.80136	-2.45445	-3.25792	-3.36252	-3.48278	-3.63146	-3.6486	-3.76129	-3.50766	-3.88959	-3.55467
359	-0.304572	-0.0674957	-0.0274261	-0.264401	-0.0450775	-0.0637939	0.430051	0.0969727	0.572818	0.50517	0.742777	0.584494	0.486212	0.406882	0.716226	0.0477234	-0.725381	-1.55042	-1.95892	-2.19717	-2.589	-2.58436	-2.55063	-2.7388	-2.52492	-2.60122	-2.46746
358	-0.238242	-0.253409	0.0712128	0.0273529	-0.172284	-3.47912E-4	0.241995	-0.102304	0.594156	0.752179	0.540054	0.526495	0.879398	0.686533	0.842966	0.755429	0.14093	-0.265567	-0.486115	-0.948422	-1.22853	-1.26636	-1.45964	-1.60976	-1.43585	-1.53158	-1.34264
357	-0.0903107	-0.0434845	-0.10098	0.078482	-0.0523896	-0.0520783	0.192657	0.341028	0.328247	0.747064	0.581952	0.828351	1.13441	1.1843	1.27995	1.47958	0.945114	1.19983	0.752628	0.345209	0.105017	0.0414612	-0.038266	0.0385711	-0.0708374	-0.131717	0.00753782
356	-0.0263672	-0.274866	-0.217081	-0.0796173	-0.126404	0.344586	0.0439606	0.665845	0.375989	0.80961	0.658884	0.810226	1.13284	1.31234	1.57488	2.22954	2.22798	2.47673	2.07503	1.80677	1.62663	1.64585	1.48365	1.5786	1.41713	1.46557	1.42342
355	-0.219251	-0.545419	-0.193283	-0.266931	0.0437805	0.411896	-0.0363373	0.804712	0.5798	0.685318	0.831009	0.848355	1.08606	1.33779	2.02111	2.57869	3.36333	3.55754	3.40046	3.43857	3.14394	3.02283	2.93537	3.08983	2.82096	2.77287	2.80206
354	-0.156299	-0.434579	0.0774719	-0.126389	0.298615	0.657159	0.137906	0.609714	0.91228	0.887479	1.19397	1.11479	0.979611	1.42124	2.38644	3.6182	4.85124	5.1647	4.97179	5.07721	4.94281	4.61177	4.77426	4.64036	4.41605	4.64468	4.27368
353	-0.0405792	-0.421027	0.344601	0.161688	0.255627	0.447708	0.270291	0.543909	0.812384	1.08308	1.32134	1.31408	1.27161	1.3119	2.6742	4.41044	6.12494	6.50646	6.69219	6.47169	6.72144	6.40152	6.23548	6.02904	5.92811	6.13272	5.89165
352	0.0359039	-0.213791	0.216272	0.0457397	0.275232	0.26387	0.358771	0.784265	0.665909	0.950671	0.905997	1.24429	1.41421	1.80755	2.84586	4.97768	7.09911	7.61331	8.22044	8.28474	8.12795	7.82932	7.64732	7.63461	7.46676	7.43039	7.6241
351	-0.0796906	-0.536899	-0.0850617	-0.172864	0.0850555	0.461612	0.330444	0.84903	0.533557	0.921667	1.03431	1.00642	1.03031	1.99539	3.14341	5.67341	8.26219	9.43934	9.6677	9.85557	9.37827	9.16364	9.29004	9.25268	9.15246	9.1285	8.99283
350	0.102878	-0.492343	-0.122058	-0.275555	-0.216898	0.139822	0.10545	0.660458	0.724103	0.824179	1.10258	0.913156	1.27912	2.08797	3.55647	6.36327	9.81875	11.1165	11.514	11.4848	11.2328	10.9091	11.1021	11.021	10.7671	10.6417	10.8196
349	-0.25307	0.201102	-0.0793335	-0.149728	0.0445556	0.355328	0.242303	0.545792	0.935028	0.909525	1.15702	1.16225	1.59612	2.16545	3.8783	7.28611	11.2659	12.927	13.4932	13.2369	13.1739	13.0365	12.8467	12.7247	12.5959	12.5654	12.8321
348	-0.292389	0.189087	-0.0927094	-0.2508	0.12912	0.175241	0.555511	0.617163	1.01699	0.92616	1.62639	1.3251	1.6684	2.21486	4.13856	8.52572	12.558	14.5968	15.2405	15.1803	15.1479	15.1018	14.7303	14.5482	14.4658	14.6444	14.9606
347	-0.260883	-0.276428	-0.200449	-0.321207	0.095166	0.261731	0.584079	0.709125	0.910663	1.21808	1.17438	1.238	1.83275	2.55125	4.54109	9.36572	13.724	16.385	17.1324	17.2684	17.4645	17.2012	17.0267	16.741	16.7444	16.6263	17.1906
346	-0.359167	-0.659009	-0.312717	-0.0454315	0.327103	0.26041	0.565121	0.819547	0.988373	0.922311	0.924957	1.30041	1.60559	2.65737	5.03732	10.0594	15.249	18.0884	19.1777	19.4966	19.8773	19.5145	19.3075	19.1182	19.1954	19.2556	19.4111
345	-0.178696	-0.456265	-0.211807	0.141406	0.325403	-0.0245971	0.620334	0.846906	1.0166	1.10401	1.03957	1.57678	1.63267	2.69561	5.32772	11.0721	16.7785	20.5883	21.7962	22.1685	22.285	22.146	22.0813	21.7918	21.5625	22.1434	21.9323
344	-0.29469	-0.689664	-0.0445312	-0.159695	0.207806	0.0562164	0.712564	0.927612	0.92688	1.11421	1.25395	1.61513	1.71048	3.08224	5.66151	12.0171	18.2419	22.6106	23.9749	24.6335	24.6071	24.6732	24.4198	24.5414	24.3287	24.5991	24.8378
343	-0.457928	-0.58822	-0.367474	-0.17041	0.16907	0.248965	0.371399	0.758322	0.850653	0.909064	1.20933	1.17616	1.75207	3.01072	5.77143	12.9584	19.9029	24.0396	26.1513	26.94	26.983	27.1532	26.5273	26.9302	26.7128	26.9896	27.7757
342	-0.360214	-0.565057	-0.547449	0.0769867	-0.0574127	-0.0172394	0.0891388	0.582385	0.818829	0.705399	1.32565	1.18817	1.79846	2.78901	5.86207	13.3856	21.2235	25.7589	28.2905	28.7939	29.3291	28.7987	29.161	29.0746	28.9695	29.4604	29.8551
341	-0.330435	-0.484219	-0.352655	-0.0152832	0.10141	0.130038	0.759766	0.536182	0.960458	0.942056	1.2392	1.26902	1.7561	3.09539	6.43171	14.0379	22.3648	27.3004	29.7171	30.5012	31.186	30.4781	31.1871	31.0088	31.308	31.776	31.773
340	-0.154294	-9.85742E-4	-0.192896	0.163757	0.265973	0.296738	1.16628	1.03376	1.33485	1.06037	1.07856	1.11318	1.79018	3.29282	6.8327	14.8143	23.502	28.8748	31.181	32.2971	32.7733	32.6448	32.8473	32.9822	33.2922	33.8398	33.8953
339	-0.30098	-0.140195	-0.339929	0.240607	0.395218	0.481866	0.967578	1.03688	1.24108	0.837463	1.25969	1.14369	1.7979	3.14776	6.77423	15.0332	24.0713	29.9684	32.4243	33.6265	34.0595	34.1702	33.9123	34.4242	34.5544	35.23	35.4672
338	-0.427307	-0.489328	-0.483582	-0.0679108	0.0970245	0.276608	0.559482	0.643512	1.00718	0.919943	1.16829	1.39731	1.64636	2.78152	6.49623	15.1471	24.5316	30.4803	33.2386	34.7443	34.7618	35.079	35.1453	35.424	35.6488	35.9354	36.2886
337	-0.684836	-0.623773	-0.0817566	-0.378833	-0.212076	-0.211618	0.244266	0.431723	0.759192	0.786429	0.636105	1.19665	1.62989	2.488	6.36849	15.1596	24.56	30.4857	33.5558	35.0376	35.2626	35.565	35.8025	35.9711	36.2015	36.5895	36.8096
336	-0.412134	-0.40174	0.235471	0.0169922	0.301791	0.309561	0.452441	0.558139	0.971909	0.600561	1.00369	1.01743	1.42989	2.78841	6.40698	15.3421	24.9929	30.9173	33.7619	35.2157	36.0954	36.6096	36.1729	36.6377	36.876	37.3544	37.5817
335	-0.549835	-0.371249	0.0702301	-0.162445	0.148605	0.461487	0.220795	0.693567	0.594281	0.594644	0.796451	0.82952	1.23654	2.56287	6.14577	15.2257	24.8467	30.6942	33.6475	35.3053	36.1738	36.6034	36.2532	36.8001	36.8846	37.4308	37.5903
334	-0.585483	-0.356842	-0.226828	-0.0120788	-0.0596527	0.153693	0.281415	0.475879	0.377478	0.833347	0.548495	0.877698	1.44616	2.30965	6.37055	14.6739	24.3966	30.4339	33.475	35.227	35.9493	36.0075	36.2756	36.8582	36.9764	37.4076	37.6801
333	-0.202396	-0.360599	0.088739	0.294574	0.0521546	0.295959	0.552008	0.571271	0.766574	0.852283	1.1252	1.09885	1.58227	2.5575	6.44729	14.4981	24.3404	30.3867	33.1396	34.694	35.8118	35.7337	36.0279	36.5212	36.8221	37.3724	37.5594
332	-0.272598	-0.299045	-0.0119171	0.16156	0.0129333	0.64386	0.670081	0.608994	0.658875	0.598151	0.884598	1.11651	1.53286	2.53193	6.13447	14.0538	23.4312	29.3448	32.6492	33.7809	34.6017	34.9133	35.1795	35.301	36.2924	36.4019	36.7581
331	-0.184631	-0.188696	-0.145917	0.118646	0.0382446	0.585791	0.807901	0.488928	0.624319	0.267142	0.825583	1.08493	1.24906	2.32049	5.62962	13.5068	22.4025	28.3162	31.5342	32.8361	33.4626	34.0219	34.1103	34.1688	34.9807	35.2928	35.6786
330	-0.347513	-0.233118	-0.103497	0.158038	-0.160895	0.0294831	0.564444	0.269049	0.551343	0.104742	0.73139	0.828253	0.803281	2.10852	4.83923	12.8099	21.3026	27.0502	29.5722	31.617	31.8483	32.5621	32.7551	32.6926	33.3768	34.0839	34.11
329	-0.361896	-0.219229	-0.187561	-0.138791	0.0628052	-0.116437	0.218558	0.118375	0.509427	0.303622	0.131183	0.720465	0.580444	2.00266	4.36993	12.059	20.3185	25.3465	28.1944	29.8913	30.4141	30.8928	31.1858	31.455	31.8796	32.531	32.5886
328	-0.184332	-0.259714	-0.39765	-0.182724	0.0756012	0.122916	0.0289032	0.135641	0.196323	0.153479	0.108084	0.418011	0.550626	1.45137	4.15476	11.2802	18.8673	23.7238	26.4634	27.7326	29.0153	28.9348	29.3674	29.8976	30.0217	30.4557	30.8327
327	0.0523987	-0.364825	-0.181998	-0.123544	-0.325482	0.0639069	-0.131641	0.164731	-0.145056	0.394095	0.284283	0.314825	0.49682	0.996643	3.76551	10.1583	17.3133	22.2547	24.8256	26.0559	26.9831	26.9436	27.3252	27.7753	28.0146	28.3979	28.8783
326	0.0137604	-0.176331	-0.0968628	0.185226	-0.132843	-0.0344025	0.0168365	0.0927002	-0.216489	0.450558	0.0273407	0.37503	0.468735	0.841592	3.65432	9.12469	15.8731	20.6913	22.8164	24.0491	24.692	24.9736	25.5871	25.5943	26.0122	26.2639	27.0947
325	0.277536	0.137357	0.285605	0.513312	0.317407	0.0359711	0.121378	0.503711	0.297638	0.598743	0.261545	0.319113	0.479355	0.94086	3.26955	8.21072	14.6326	19.0494	21.1329	22.3113	22.8094	23.3964	23.7025	23.6916	24.2986	24.5872	25.0855
324	0.12421	-0.162665	0.111871	0.413873	0.131845	-0.0641297	0.105026	0.373898	0.242123	0.230148	0.249179	0.150668	0.220068	0.933145	2.37014	7.15206	12.8808	16.9808	19.076	20.2164	20.4847	21.0543	21.3478	21.5034	21.9963	22.1964	22.8023
323	-0.164423	-0.226877	-0.0511474	-0.0914062	0.185696	-0.263571	-0.173965	-0.0290069	0.0334564	-0.558658	-0.0150116	-0.130035	-0.179428	0.429929	1.65377	6.45353	11.4952	14.8556	16.7832	17.9298	18.2452	18.6618	19.0314	19.1665	19.3778	19.6482	20.411
322	-0.0942047	0.0427124	-0.246124	-0.235391	-0.00471803	-0.397174	-0.0561829	-0.10697	-0.443393	-0.466013	-0.306857	-0.404739	-0.157736	-0.156555	1.32807	5.56179	9.99774	12.6942	14.8354	15.6561	16.3444	16.5187	16.7211	16.7554	17.0293	17.5709	17.7021
321	0.166663	0.0911255	-0.0729767	0.0738861	-0.0115234	-0.162451	-0.176596	-0.342429	-0.521011	-0.555804	-0.537943	-0.379684	-0.101807	0.128445	1.39234	4.47903	8.5884	11.0676	12.8799	13.6294	14.5481	14.5149	14.6534	14.7703	15.2957	15.7312	15.5649
320	-0.217978	-0.212003	-0.0444092	-0.164841	0.177374	-0.108282	-0.342654	-0.802924	-0.74711	-0.981299	-0.710214	-0.614505	-0.414716	-0.164829	0.838455	3.35077	7.28383	9.45919	10.9373	11.6373	12.1884	12.3167	12.4476	12.785	12.9483	13.5113	13.3471
319	-0.346472	-0.341989	-0.301419	-0.371494	-0.163788	-0.266202	-0.129007	-0.763333	-0.938831	-0.653888	-0.77179	-0.699863	-0.537906	-0.464331	0.328491	2.5806	5.481	7.61893	8.69161	9.3593	9.9531	10.3564	10.34	10.3095	11.0015	11.2261	11.291
318	-0.0421692	0.0771484	0.0346008	-0.13186	-0.448352	-0.297302	-0.252386	-0.541098	-0.443655	-0.734174	-0.568658	-0.679553	-0.824673	-0.593454	0.105515	1.81603	3.9452	5.56403	6.7742	7.44485	7.93547	8.08399	8.28775	8.32625	9.2107	9.37627	9.42641
317	0.160745	0.0643219	0.0184601	0.190683	-0.0450226	-0.043808	-0.13938	-0.325699	-0.489557	-1.11374	-0.74762	-0.862119	-1.06125	-0.853625	-0.0144684	1.00976	2.7139	3.78786	5.23433	5.58889	5.96074	5.80085	6.38247	6.63183	6.89594	7.27332	7.13736
316	0.262317	0.00815735	-0.0139069	0.247205	-0.209283	0.00834656	-0.240802	-0.541559	-0.736707	-1.07251	-1.1537	-0.877118	-1.09417	-0.806491	-0.630197	0.134955	1.17121	2.27722	3.36994	3.5987	3.89932	3.96114	4.29293	4.60051	4.71501	5.02313	4.81291
315	0.14599	-0.0281219	-0.0521332	0.11438	-0.228949	0.00203552	-0.47688	-0.44921	-0.619742	-0.778473	-1.21782	-0.617996	-0.993408	-0.857007	-1.07697	-0.552194	0.184067	1.06349	1.42069	1.79423	2.1905	2.39127	2.49	2.97165	2.88606	3.09555	3.37444
314	0.149957	0.197778	-0.0915405	0.176739	-0.250067	-0.00202027	-0.456271	-0.489835	-0.731641	-0.64812	-0.933038	-0.738647	-1.24747	-1.01746	-1.44713	-1.36285	-0.674716	-0.202664	-0.0774536	0.351559	0.647638	1.00341	0.778189	1.30524	1.14337	1.48238	1.84223
313	0.0975372	-0.344666	-0.301645	-0.382074	-0.356885	-0.103738	-0.235413	-0.615591	-0.736594	-0.996799	-1.09864	-1.24227	-1.61459	-1.61704	-1.78378	-2.04506	-2.1157	-2.0384	-1.27944	-1.45729	-1.1534	-0.891403	-0.736203	-0.460941	-0.437033	-0.0261627	0.00441589
312	-0.0321075	-0.417252	-0.135532	-0.683469	-0.141864	-0.44902	-0.290033	-0.954608	-0.998273	-1.26038	-1.31035	-1.56116	-1.83714	-1.97148	-2.5124	-3.02147	-3.45743	-3.51452	-2.57512	-2.91657	-2.30592	-2.20269	-1.99327	-1.86463	-1.86306	-1.27202	-1.34959
311	-0.0440735	-0.264081	0.21593	-0.384171	-0.277191	-0.673099	-0.158902	-0.913327	-1.11761	-1.14977	-1.41291	-1.71238	-1.6489	-1.91999	-2.91978	-3.51461	-3.97468	-4.03193	-3.77947	-3.72076	-3.36666	-3.27534	-3.06756	-3.04594	-2.95112	-2.50295	-2.3548
310	-0.097644	-0.147031	0.175516	-0.113739	-0.310046	-0.785339	-0.293665	-0.864114	-0.831564	-1.30878	-1.63689	-1.65361	-1.32634	-2.05461	-2.72524	-3.84985	-4.45609	-4.58614	-4.48347	-4.62024	-4.34598	-4.25526	-3.91961	-3.9704	-3.68792	-3.25139	-3.18355
309	-0.0513611	-0.32247	-0.459421	-0.233353	-0.39538	-0.670499	-0.700491	-0.651166	-0.865033	-1.37537	-1.50536	-1.45366	-1.44726	-1.95016	-2.78557	-3.9805	-5.19898	-5.45103	-4.97957	-5.26985	-4.89431	-5.04251	-4.77585	-4.29512	-4.47933	-3.84497	-3.62353
308	-0.12702	-0.388904	-0.342743	-0.356558	-0.350864	-0.455225	-0.474475	-0.775604	-1.35317	-1.44944	-1.49984	-1.37184	-1.61676	-1.90563	-2.9453	-4.0129	-5.92261	-6.0211	-5.57022	-6.20813	-5.37012	-5.16792	-4.89686	-4.88531	-4.82529	-4.67568	-4.22759
307	-0.41095	-0.399185	-0.124155	-0.145587	-0.0156891	-0.151712	-0.184445	-0.599194	-1.09658	-0.971228	-1.02965	-1.50945	-1.31667	-1.92549	-2.85864	-4.19838	-6.18472	-6.42692	-6.04845	-6.35698	-5.76971	-5.34528	-5.41666	-5.22834	-5.04218	-4.69496	-4.67539
306	-0.269333	-0.0393128	-0.313892	0.175305	0.0520813	-0.264584	-0.404919	-0.94061	-0.981155	-0.948697	-0.86684	-1.39932	-1.66607	-1.78059	-2.94679	-4.4273	-5.96566	-6.28504	-6.72781	-6.318	-5.85085	-5.89362	-5.73791	-5.52018	-5.39047	-4.91118	-4.82517
305	-0.378601	-0.213336	-0.327512	-0.329877	0.0382354	-0.369687	-0.591458	-1.27011	-1.34542	-1.07288	-1.52521	-1.57192	-1.75348	-2.21718	-3.33614	-4.96648	-6.45967	-6.39295	-7.36614	-6.82285	-6.48625	-6.25694	-5.97471	-6.03123	-5.61151	-5.65833	-5.23074
304	-0.550342	-0.332928	-0.0946289	-0.616211	-0.586411	-0.531183	-0.875803	-1.12393	-1.31351	-1.11754	-1.76213	-1.60297	-1.92639	-2.11639	-3.63149	-4.70447	-6.86907	-7.13392	-7.51678	-7.22158	-7.08589	-6.27514	-6.10993	-5.94124	-6.12734	-5.8244	-5.8649
303	0.022229	0.121829	0.297241	-0.163617	-0.0471161	-0.160724	-0.477475	-0.914789	-0.993042	-1.02783	-1.56061	-1.489	-1.75081	-1.97134	-3.13047	-4.6864	-6.84177	-7.4789	-6.97045	-6.97279	-6.86266	-6.22843	-5.98564	-5.67223	-6.26106	-5.74991	-5.53516
302	0.620258	0.19711	-0.114612	-0.246735	-0.0677856	-0.0194916	-0.091568	-0.675363	-1.40692	-0.961929	-1.24276	-1.66371	-1.82044	-2.08573	-2.95176	-5.12273	-6.93918	-7.42881	-7.13771	-7.03525	-6.68466	-6.7276	-6.478	-6.09659	-6.14116	-5.93737	-5.37305
301	0.325256	-0.00281373	-0.739221	-0.200385	-0.463229	0.0675537	-0.686999	-0.360953	-0.648941	-0.880353	-1.00598	-1.83011	-1.4959	-1.91482	-3.30959	-5.03876	-6.69655	-7.25656	-7.22219	-6.78179	-6.75463	-6.61828	-6.36483	-5.87616	-5.78811	-5.64088	-5.46545
300	0.276675	-0.312085	-0.38494	-0.109317	-0.962674	-0.234824	-0.680347	-0.649554	-0.765012	-1.345	-1.25746	-1.86049	-1.81573	-2.22585	-3.39547	-5.04464	-6.96036	-7.07521	-7.11865	-6.7491	-6.32589	-6.3534	-6.15605	-5.83054	-5.41306	-5.40772	-5.50225
299	0.422852	-0.018808	-0.0248077	-0.270773	-0.46015	-0.264771	-0.219971	-0.818228	-1.38283	-1.16997	-1.54887	-1.80061	-1.70415	-2.00919	-3.27159	-4.78845	-6.3147	-6.44428	-6.7525	-6.05645	-6.14752	-5.40327	-5.43327	-5.23889	-4.96744	-4.80202	-5.19554
298	-0.491568	0.0297974	-0.247757	-0.820087	-0.187997	-0.625098	-0.382141	-0.786615	-1.30494	-1.55311	-1.44739	-1.93591	-1.53717	-2.53907	-3.24259	-4.7415	-5.86682	-6.29196	-6.22823	-5.60955	-6.0381	-4.75765	-5.436	-5.25018	-4.78402	-4.6513	-4.75241
297	-0.871976	-0.142252	-0.553351	-0.391956	-0.155478	-0.452631	-0.402435	-0.615601	-1.1686	-1.13324	-1.52711	-2.08415	-1.7311	-2.23901	-2.99811	-4.79489	-5.51796	-5.55829	-5.19932	-4.97541	-5.09327	-4.57174	-4.63218	-4.54709	-3.86647	-4.05535	-3.95377
296	-0.415738	-0.493463	-0.316486	0.0562225	-0.0686096	-0.287378	-0.131299	-0.424017	-1.34224	-1.43892	-1.37064	-1.87254	-2.01326	-2.27587	-3.23865	-4.15888	-4.66441	-5.22641	-4.78073	-4.45168	-4.252	-4.00081	-3.2849	-3.8428	-3.00205	-3.18715	-3.22425
295	-0.085434	-0.325543	0.238281	0.0927521	-0.136987	0.00171814	-0.658453	-0.462231	-0.805832	-0.970917	-1.37412	-1.8427	-1.96835	-2.35657	-2.76403	-3.72722	-4.06983	-4.13567	-3.85563	-3.40734	-3.62095	-3.02108	-2.59665	-2.53441	-2.41393	-2.02545	-2.08895
294	-0.0477966	-0.0655457	-0.0998901	-0.317062	-0.0277802	-0.0507477	-0.990701	-0.677908	-0.781573	-0.707034	-1.20519	-1.89859	-1.52243	-1.97175	-2.54218	-3.52816	-3.71438	-3.50374	-3.64921	-2.35962	-2.34114	-2.3471	-1.44761	-1.39831	-1.29762	-1.50897	-1.23682
293	-0.0599792	-0.138907	-0.875189	-0.242587	-0.0871704	-0.356912	-0.688571	-0.573694	-1.11079	-1.19165	-1.08131	-1.81438	-1.44865	-2.26355	-2.43174	-3.18857	-3.20716	-2.30838	-2.85589	-1.62466	-0.986804	-0.669009	-0.374719	0.0474457	-0.588074	-0.317136	-0.588574
292	-0.260712	-0.394113	-0.148541	-0.30527	-0.826306	-0.629364	-0.619867	-0.708414	-1.72692	-1.26961	-1.42601	-1.52734	-1.76992	-2.68229	-2.08399	-2.90321	-2.49501	-2.04252	-1.88374	-0.924753	-0.245261	0.263654	0.625522	0.608151	-0.0663361	1.0724	0.820178
291	-0.40853	-0.142941	-0.0868195	-0.0613861	-0.31749	-0.269241	-0.664929	-0.50495	-1.36289	-1.20005	-1.30821	-1.55712	-1.72951	-1.66289	-2.04205	-2.16348	-1.67443	-1.53824	-0.78855	0.342706	0.518207	0.788025	1.29743	0.656039	1.30081	1.62207	1.77353
290	-0.322217	0.0223572	-0.134717	0.0048401	-0.103928	0.0527222	-0.409695	-0.449933	-0.715884	-1.0709	-0.998947	-1.57984	-1.27896	-1.47012	-2.06883	-1.98474	-1.00285	-0.294968	0.383249	0.887991	1.50786	1.36022	2.01085	2.13332	2.59448	2.61403	2.20629
289	-0.048529	0.00725404	0.145819	-0.183408	-0.138	-0.120813	-0.347156	-0.470554	-0.56615	-1.44906	-0.915732	-1.15763	-1.03393	-1.94493	-1.84748	-1.40445	-0.620361	0.84241	1.07915	1.72973	2.2932	2.20094	2.24443	2.80348	3.41973	3.14201	3.00946
288	-0.307617	-0.317325	-0.20405	-0.235565	-0.312061	0.287866	-0.441052	-0.670493	-0.514099	-1.41381	-1.49723	-1.22164	-1.69142	-1.85461	-1.80539	-0.838864	-0.210559	0.920499	1.85719	2.32125	2.74841	3.33434	3.14438	2.89879	3.92184	3.60061	3.71973
287	-0.136066	-0.78411	-0.666623	-0.409512	-0.532294	0.128567	-0.195862	-0.914182	-1.23401	-0.980188	-1.85055	-1.23265	-1.92603	-2.3448	-2.02488	-1.26025	-0.0729462	0.897757	2.29453	3.06575	3.37281	3.44111	3.94304	3.52659	4.91566	4.25475	3.99007
286	-0.55845	-0.435764	-0.448535	-0.67121	-0.342316	-0.132507	-0.186191	-0.604764	-1.25833	-1.31548	-1.43904	-1.59542	-1.87595	-1.73497	-1.56691	-1.07398	0.41687	1.80994	2.97959	3.52689	4.03064	4.13562	4.4165	4.78624	5.292	4.67749	4.56255
285	-0.243048	-0.128888	-0.424661	-0.601306	-0.562427	-0.315689	-0.169638	-0.951105	-1.1107	-1.19315	-1.48906	-1.40573	-1.94544	-1.7347	-1.44786	-0.51723	0.657626	2.34045	3.26082	4.02746	4.14601	5.13677	4.79542	5.09347	5.48034	5.40905	5.50052
284	-0.448413	0.00433958	-0.302646	-0.506284	-0.337012	-0.646667	-0.546014	-1.20779	-1.23026	-1.41822	-1.68616	-1.68883	-2.23376	-1.89957	-1.15091	-0.684833	1.36183	1.96819	3.40019	4.12894	3.76098	4.93239	5.07537	5.14397	4.99482	5.27224	4.99995
283	-0.28493	0.436176	-0.312643	0.242584	0.182245	-0.660248	-0.54603	-0.404608	-0.535223	-1.16982	-1.19923	-1.56819	-2.00675	-1.85899	-1.17537	-0.667032	1.95946	2.44462	3.36057	4.04623	4.23569	4.78008	5.16124	5.58614	5.34713	5.08181	5.05775
282	0.137509	0.296558	-0.0612152	0.533658	0.377237	0.089267	-0.185519	-0.392685	-0.511273	-1.21954	-1.21898	-1.16665	-1.38154	-1.737	-1.24965	-0.194379	1.23843	2.57654	3.00029	3.70248	4.18873	5.28998	4.90994	5.29991	5.36857	4.92549	5.13906
281	-0.44949	-0.410757	0.564142	0.343005	-0.292935	0.372446	-0.152414	-1.00009	-1.36387	-1.28866	-1.61136	-1.20646	-1.48811	-1.54028	-1.48963	-0.789743	0.449213	1.85879	2.68223	3.43076	3.25493	4.79748	4.06556	4.3866	4.53734	4.2907	4.6543
280	-0.166714	0.0113709	0.177914	0.0885864	-0.112552	0.272147	-0.571146	-0.723465	-1.27394	-1.21762	-1.17145	-1.0812	-1.86149	-1.76259	-1.46908	-1.11743	0.26608	1.24638	2.44364	3.02712	3.05123	3.59745	4.109	4.03055	3.80739	3.65373	3.49642
279	-0.115585	0.302011	0.69758	0.246765	0.118842	0.531616	-0.533139	-0.397977	-0.980014	-0.763495	-0.875143	-0.858539	-1.75376	-1.75722	-1.1494	-1.04244	0.0096222	1.18946	2.07198	2.29662	2.87098	3.03217	3.93226	2.96324	3.52407	3.31832	3.71952
278	-0.86123	0.373477	0.328793	-0.234094	-0.0153992	0.218396	-0.983047	-0.955881	-1.22813	-1.18849	-1.74162	-1.3594	-1.60961	-1.89687	-1.92964	-1.46528	-0.329071	0.847021	1.19717	1.53918	1.88831	1.79246	2.3976	2.23111	2.37768	2.43096	2.56927
277	-0.373996	-0.366412	0.110742	-0.246652	-0.203293	-0.175439	-0.88241	-0.883328	-1.31507	-0.89089	-1.43643	-1.37043	-1.17181	-1.93881	-1.98896	-1.83733	-1.42131	-0.368237	0.605386	0.636108	1.22566	1.26895	1.30273	1.64608	1.50092	1.57387	1.10629
276	0.201022	-0.0634705	0.401587	0.136252	-0.0728332	-0.451471	-0.580139	-0.872058	-1.42608	-0.575244	-0.69733	-1.11039	-1.41092	-1.70909	-1.90949	-2.04206	-1.85183	-1.28412	-0.277063	-0.247534	0.412729	0.401468	0.653513	0.684204	0.449081	0.591867	0.649457
275	-0.591953	0.0901642	0.392563	0.0878662	0.100049	-0.7125	-1.10398	-0.710535	-1.13322	-1.28904	-1.21223	-1.76522	-1.60254	-2.04167	-2.57112	-2.3979	-2.64681	-2.04617	-1.82552	-1.38647	-1.04913	-1.21496	-0.621722	-0.327054	-0.447198	-0.462067	-0.278928
274	-0.0515869	0.694083	0.496365	0.308099	0.156006	-0.212143	-0.667758	-0.504947	-0.769458	-0.642206	-1.30463	-1.29871	-1.30602	-1.9759	-2.22486	-2.38032	-3.10382	-2.40689	-2.24508	-1.72055	-2.12133	-1.97075	-1.56687	-1.28197	-1.02076	-1.09042	-1.52246
273	0.349847	0.43309	0.343854	-0.376828	0.112894	-0.134998	-0.770929	-0.619824	-1.18004	-0.694385	-0.913092	-0.816516	-1.36966	-2.00995	-2.21665	-2.67103	-3.75291	-3.23381	-2.89365	-2.7216	-2.41432	-2.40828	-2.92728	-2.6169	-2.00074	-2.06378	-2.43424
272	-0.400616	-0.297433	-0.345136	-0.712015	-0.478662	-0.400342	-0.897549	-1.11172	-1.37155	-1.56979	-1.18257	-1.47844	-2.05741	-2.40022	-3.04726	-3.22635	-4.62884	-4.50041	-4.15253	-4.39508	-3.37685	-3.75081	-4.02875	-3.77192	-3.39369	-3.87903	-3.90974
271	-0.583585	-0.725439	-0.116635	-0.538327	-0.593176	-0.716876	-0.35477	-1.51666	-0.916006	-1.74512	-1.44274	-1.45323	-1.79066	-2.31222	-3.01817	-3.81521	-4.9964	-5.59054	-5.67408	-5.05	-5.11202	-5.2509	-4.94112	-4.80347	-4.91316	-5.28093	-5.0161
270	-0.164154	-0.282651	-0.528604	-0.285016	0.159625	-0.591425	-0.42811	-0.633383	-0.787088	-1.05495	-1.43796	-1.28726	-1.8338	-2.23082	-2.94047	-3.90799	-5.40218	-5.61351	-6.18392	-5.68795	-5.91929	-5.86572	-5.80556	-5.23318	-5.47303	-6.1002	-6.04452
269	-0.00669861	0.131534	-0.44447	-0.283069	0.286893	-0.376749	-0.638684	-0.579138	-0.82692	-1.00543	-1.23887	-1.55405	-2.14312	-2.24765	-2.51234	-4.35925	-5.6226	-6.21406	-6.43875	-6.18697	-6.10403	-6.37383	-6.67754	-5.84919	-6.38873	-6.49931	-7.18182
268	-0.0252472	0.265353	-0.422327	-0.243716	-0.0439819	-0.498138	-1.27124	-0.967743	-1.00361	-0.794266	-0.839801	-1.94674	-2.30864	-2.40656	-2.78212	-5.2944	-6.20123	-7.00652	-6.74954	-7.38143	-7.17539	-7.08331	-7.38678	-7.22825	-7.40414	-7.46147	-8.04075
267	-0.434265	-0.295587	-0.313095	-0.490579	-0.53428	-0.665652	-1.13448	-1.33618	-1.34136	-1.34908	-1.46899	-2.14653	-2.17355	-2.74763	-3.40528	-5.17253	-6.46358	-7.90525	-7.28349	-8.18071	-8.20267	-7.6197	-7.59249	-8.09768	-7.91318	-8.29418	-8.46016
266	-0.256287	-0.601874	0.132996	0.00231628	-0.465964	-0.357266	-0.707904	-1.25969	-0.889871	-1.57476	-1.43911	-1.42318	-2.19292	-2.3369	-2.7371	-4.8798	-6.27815	-7.98824	-7.77091	-8.41525	-8.879	-7.69634	-8.41177	-8.02171	-8.31593	-8.65473	-8.26804
265	-0.50108	-0.511774	0.218887	0.23042	-0.25152	-0.853253	-0.962622	-1.16628	-1.23815	-1.50851	-1.31651	-2.00788	-2.1548	-2.0015	-3.10282	-5.30068	-7.30081	-8.24217	-8.67404	-8.85614	-8.73536	-8.45627	-8.96639	-8.63187	-9.09127	-8.98551	-8.95028
264	-0.462149	-0.249057	0.220422	-0.189911	-0.596481	-0.395258	-1.00568	-1.16931	-0.984073	-1.14416	-1.83833	-2.14283	-2.06056	-2.61617	-3.18339	-4.91006	-7.86775	-8.30431	-9.12128	-8.76922	-8.86225	-9.0075	-9.13249	-8.76165	-9.04086	-9.09488	-8.74818
263	0.142059	-0.248599	-0.369196	0.16077	-0.29086	-0.251437	-0.789383	-0.871658	-0.948163	-1.12469	-2.25859	-1.96752	-2.02528	-2.71682	-3.33353	-4.78446	-7.58521	-8.37294	-8.88776	-8.65881	-9.26931	-8.95679	-9.75027	-9.27009	-9.07501	-9.70947	-9.01837
262	-0.0597138	-0.720178	-0.801633	-0.391434	1.28162E-4	-0.508685	-0.778195	-0.662378	-1.08738	-1.39495	-1.86137	-1.39192	-2.39183	-2.79904	-3.57075	-5.66105	-8.14557	-8.88195	-9.38691	-9.20007	-9.22313	-9.48791	-9.24765	-9.49403	-9.26666	-9.84519	-9.45795
261	-0.202454	-0.191379	-0.502081	-0.602899	-0.128	-0.0186768	-0.642468	-0.59707	-1.28325	-1.55626	-1.73863	-1.05962	-1.72527	-2.41589	-3.06611	-5.61818	-7.82083	-8.58217	-9.76084	-9.75403	-9.5804	-9.43511	-8.74201	-9.45595	-9.51632	-9.64075	-9.44876
260	0.404865	-0.0389191	-0.525427	-0.609915	-0.259201	0.209241	-0.659637	-0.397531	-1.18103	-1.35543	-2.16678	-1.30235	-1.49615	-2.04738	-3.1266	-5.46981	-7.29902	-8.51523	-9.91661	-9.56052	-9.43553	-8.66033	-8.91116	-9.2866	-9.36863	-9.27377	-9.47252
259	0.175589	0.0514709	-0.126865	-0.361743	-0.0661255	-0.337531	-0.303668	-0.29548	-0.281351	-1.14176	-1.65378	-1.45916	-1.71091	-2.12982	-3.92285	-5.92903	-7.35504	-8.22924	-9.36711	-9.40619	-9.39058	-8.94128	-9.12386	-8.90193	-9.24569	-8.93639	-9.21816
258	-0.203067	-0.431607	-0.0501099	-0.596829	-0.384399	-0.835083	-0.356863	-0.337067	-0.935553	-1.68644	-1.96977	-1.82608	-1.84436	-2.27626	-3.86316	-5.49593	-7.64445	-8.70819	-8.89126	-9.77471	-9.2657	-9.29439	-9.389	-8.6624	-9.24681	-9.1447	-9.32434
257	0.237817	-0.487195	-0.477234	-0.747998	-0.75672	-0.421121	-0.197977	-0.769394	-1.31422	-2.20491	-1.31584	-1.61213	-2.2232	-2.27841	-3.66129	-5.37414	-7.90979	-9.19211	-9.04355	-9.05767	-8.96405	-9.31596	-8.77247	-8.86424	-8.8793	-8.88289	-9.20537
256	0.618222	-0.0473694	-0.00810547	-0.141357	0.04888	-0.415643	0.438635	-0.0371948	-0.810577	-1.29757	-0.975839	-1.20555	-1.94914	-2.11297	-3.51132	-5.29423	-6.97609	-8.47486	-8.11235	-8.11157	-8.1704	-8.49241	-7.54694	-8.6978	-8.15408	-7.87762	-8.28623
255	0.00497436	-0.30416	0.0709045	0.114771	0.0331238	-0.16004	0.0336243	-0.2202	-0.960364	-1.28494	-1.6747	-1.29255	-1.72742	-2.563	-2.95391	-5.09161	-6.95619	-8.26042	-7.45006	-7.54948	-7.56762	-8.06934	-7.14745	-8.41069	-7.26667	-7.6592	-7.7509
254	-0.0777374	-0.30694	-0.102121	0.0541046	-0.105164	-0.0756653	-0.0862122	-0.630206	-1.4582	-1.35865	-1.47788	-1.76458	-1.76194	-2.92545	-3.21445	-5.28513	-6.90755	-7.66034	-7.33449	-7.19481	-7.48241	-7.90825	-6.99256	-7.76045	-6.98477	-7.17608	-7.28761
253	0.253259	-0.102429	0.129901	-0.530743	-0.0611816	0.00917358	-0.295508	-0.64408	-1.00335	-1.47207	-1.36439	-1.6037	-1.76048	-3.048	-3.46443	-5.00837	-6.78589	-7.46143	-8.08156	-7.2286	-6.87765	-7.22766	-6.18123	-7.08292	-6.58553	-6.45498	-7.60922
252	0.800861	0.196997	0.169281	-0.213669	-0.235571	-0.373093	0.0899719	-0.0616913	-0.526685	-0.777982	-1.34602	-1.55053	-1.82483	-2.26775	-3.05193	-4.65847	-5.98156	-6.39305	-7.0476	-6.28441	-6.13579	-6.48232	-5.49262	-6.39718	-5.59907	-5.77156	-6.70123
251	0.031366	-0.114545	-0.104755	0.224585	-0.289667	-1.06092	-0.503107	-0.454391	-1.16043	-0.712329	-2.13172	-2.18767	-2.35401	-2.10695	-2.68577	-4.71107	-5.45302	-6.30499	-5.66994	-5.7282	-5.4685	-5.52822	-4.68388	-5.38123	-5.01115	-4.9956	-5.49988
250	0.17164	-0.245319	0.375845	0.552649	0.650159	-0.0680847	-0.228757	-0.0448456	-1.05215	-1.00287	-1.08503	-1.80743	-1.96021	-1.72878	-2.32011	-4.20641	-4.6669	-5.51789	-4.89197	-4.72314	-3.42398	-3.41673	-4.06946	-3.87942	-3.19341	-3.51584	-3.55632
249	0.687537	0.781168	1.37905	0.801605	0.944894	0.651117	0.335403	1.22031	-0.713568	-0.985095	-0.725757	-1.30973	-1.49749	-1.18703	-2.27409	-3.24911	-3.00559	-3.46676	-3.32317	-3.00942	-2.36474	-1.63542	-2.64501	-1.85669	-2.14236	-1.92968	-1.17817
248	0.334857	0.7771	1.24414	0.729694	0.219653	0.62702	0.406845	0.813931	-0.752267	-0.451282	-1.54273	-0.90513	-1.46881	-1.65614	-2.58112	-3.18863	-2.13196	-2.76432	-1.87477	-1.65802	-1.61605	-0.129221	-0.793011	-0.866287	-0.971197	-0.700644	-0.122668
247	-0.319565	0.886151	1.09789	0.704126	0.20538	0.731815	1.32401	1.07291	-0.368253	0.146436	-0.703018	-0.766342	-0.794446	-1.46535	-1.83895	-2.12154	-1.88915	-1.66589	-0.37908	-0.174454	0.721658	1.49522	1.64078	1.49028	1.55984	1.96267	1.67696
246	-0.272327	0.535861	0.0328217	1.31636	0.806525	0.602103	0.492569	1.44235	-0.539038	0.165509	-0.921954	-0.543063	-1.45805	-1.41482	-1.34332	-1.63654	-0.746985	-0.18447	0.542776	1.58497	1.79852	2.00511	2.52657	2.75478	3.16852	3.93971	3.20066
245	-0.114484	0.0258881	-0.481033	1.00188	1.60567	0.447406	0.00921021	1.13071	-0.485751	-0.363895	-1.36532	0.387973	-1.68865	-1.84695	-0.962912	-1.26264	0.104944	0.64679	1.92588	3.72671	3.86962	3.1732	4.28663	4.53268	5.10746	5.71988	5.0573
244	-0.470319	0.244318	-0.2492	0.311551	1.66507	-0.137903	-0.170084	-0.60257	-0.731818	-1.68593	-0.925873	-0.457458	-1.16904	-1.75905	-1.3684	-1.69901	1.81995	2.63586	4.01465	5.26895	5.793	5.92703	6.4172	6.89437	6.13445	7.71777	7.14177
243	-0.740692	0.518692	-0.217242	0.73757	1.98665	0.709805	-0.431387	-1.14187	0.113013	-1.62979	-0.598029	-0.94754	-0.65802	-1.45593	-2.04561	-0.407697	3.36665	5.07862	5.89889	7.26591	7.61964	8.3222	8.84895	9.52606	9.49097	10.4794	9.265
242	-1.86137	-0.195767	0.621545	0.843848	1.03077	1.4429	0.711475	0.36861	0.506232	0.256744	-0.799814	-1.17747	-0.616895	-1.06738	-0.729373	1.43679	5.31195	7.74337	8.76313	9.28302	10.2876	10.2729	11.963	12.2652	13.1896	13.1251	12.3364
241	0.179248	0.457379	0.575058	0.958261	0.365961	1.6749	1.71746	2.28998	0.53252	1.13669	-0.8827	0.424478	-0.220819	0.101941	0.497418	3.48401	7.22312	10.7023	11.604	12.3263	14.5724	13.9132	15.7329	16.2939	16.3431	15.6795	15.9728
240	1.17977	0.585098	0.319711	0.83197	0.62879	2.29536	2.13936	2.19683	0.479529	0.326459	0.577869	1.20904	0.113641	1.94654	2.14073	4.90606	9.3675	11.418	14.7202	15.8676	18.5289	18.8734	18.5265	19.6645	19.8217	19.4323	18.9286
239	0.869373	-0.290533	2.0877	0.36983	0.953513	2.19954	1.08804	1.75535	0.337091	0.545459	1.80848	1.18144	1.33336	2.21926	2.95514	6.29517	11.6581	14.2271	18.3197	20.3734	21.3996	23.125	22.9573	22.5979	23.2154	22.8206	23.8249
238	0.367972	0.825836	0.987708	0.652652	1.8498	1.22635	2.19888	1.9324	2.81205	2.62409	1.84765	2.0686	2.01039	1.32645	3.37965	9.53571	14.4761	19.4569	22.2236	25.2352	26.3732	27.4563	28.1601	27.3465	29.2296	27.9542	29.0771
237	-1.79622	0.54053	-0.426227	-0.12731	0.282108	0.233313	2.3398	0.982968	3.26861	2.48571	0.887967	1.48175	0.0761597	2.0978	3.04126	10.8038	17.9779	23.9685	24.3849	27.7244	30.1396	30.8104	32.1944	32.3265	34.7514	33.7796	33.5929
236	-1.74094	-1.56361	1.33583	0.923752	0.976788	0.963861	3.83297	0.485413	0.182431	1.91886	0.650143	0.711356	-0.142499	1.58948	3.27909	10.648	21.0619	29.2201	30.5809	32.9655	34.9306	36.7308	38.1665	37.8937	39.7833	41.4204	39.119
235	-1.42928	-0.993436	1.12867	0.290979	1.4595	1.90478	4.07521	1.50158	1.15453	2.66401	2.24561	0.894782	1.97686	0.644763	6.41003	14.6345	25.9393	34.2528	39.4422	39.1331	42.0645	44.5537	44.5833	44.8357	45.982	47.3509	46.9948
234	-0.201129	1.38358	-0.445767	1.08669	1.35023	2.02989	3.64751	0.932181	2.68784	4.65703	5.48235	-0.839929	3.78794	2.86888	7.89401	17.8688	31.8419	40.3033	45.5121	47.2639	47.4465	52.3717	52.5402	52.4258	54.0755	54.2823	54.8126
233	-1.54045	0.906232	-1.76274	0.962405	-1.50841	0.624384	4.48135	-1.23757	0.616077	4.95214	3.12874	1.67996	3.60958	3.83898	8.72692	17.9527	35.5173	46.515	52.6975	55.4795	54.6242	58.6361	59.5937	60.4294	62.6967	61.7397	62.5568
232	-1.9927	-1.28984	-0.935077	-1.65517	-0.796786	-0.128018	3.96532	0.271896	0.593814	1.65221	2.63614	4.46382	0.892279	6.88495	10.7258	23.5032	39.9602	53.9633	59.4751	62.2658	64.0221	64.8464	66.3778	69.0187	70.3003	70.908	69.4853
231	0.807068	-1.22512	0.661282	-0.61373	0.645529	1.64264	2.83815	0.534991	1.17015	-0.319897	1.76686	2.17161	0.792889	7.98841	10.8873	29.4774	46.0137	59.302	66.1262	69.3593	72.1491	73.9103	75.8524	75.9856	78.1697	79.0063	78.9934
230	-0.459439	-0.948822	-2.54874	-1.14957	-0.691345	0.342804	-0.38999	0.510736	1.8228	3.0323	0.555325	1.98808	1.82444	5.38071	14.1466	32.8435	51.4242	63.5823	71.5007	77.5478	78.2329	82.4093	84.3764	83.9842	87.1352	87.1949	88.439
229	-5.66026	-3.17383	-1.50404	-0.0124786	2.12431	0.49335	-0.631271	3.61464	4.92929	4.49323	4.82063	2.96148	2.87813	7.33456	14.7106	34.4513	52.4048	71.7035	79.2357	87.762	84.9688	91.1518	91.7186	93.1064	94.2849	96.5201	96.4392
228	-5.14651	0.108969	0.675909	0.714728	1.41111	-0.579001	1.48983	3.18033	2.11413	3.2953	3.9604	3.02583	3.49989	11.9926	12.2428	36.8474	59.044	77.9572	84.3509	93.9887	95.4497	99.662	98.3196	101.731	100.315	102.13	104.505
227	-2.50995	-0.205688	0.0728882	-0.792206	-3.41709	-0.597366	-1.0485	6.66911	2.71362	1.16302	3.36088	6.30576	5.35434	10.8234	17.2506	38.3107	63.7635	83.7395	89.4661	98.5762	102.572	103.091	102.249	101.61	107.049	110.553	108.799
226	-1.25619	-3.1305	-1.61668	-0.0355835	-2.66756	3.18763	-0.465717	7.72883	2.2857	2.2941	7.9767	4.28326	7.42799	10.9309	20.2896	40.3534	65.0523	86.7778	98.3168	105.194	104.926	104.954	108.372	105.458	115.205	117.036	112.601
225	-2.62577	-0.97626	2.80129	0.157132	0.191174	5.64703	3.53116	5.82497	5.60805	2.20884	5.31288	3.03279	5.3873	10.1585	18.7605	42.093	67.1653	85.9977	98.4347	103.57	103.803	111.511	109.21	112.638	118.958	116.981	116.452
224	-0.984473	2.86471	-1.51681	-2.01626	0.493964	3.44639	3.59556	3.69963	6.57942	4.11437	-1.00505	1.38416	4.77203	10.5582	18.4141	42.0665	69.311	92.3129	98.4408	103.373	105.107	114.764	111.719	117.429	117.01	115.586	118.012
223	2.90949	6.75487	0.122995	-3.62684	4.57398	4.35055	2.36543	-0.189658	1.7298	2.84002	2.61847	0.374774	3.62426	7.92378	18.932	43.6062	69.8689	91.3693	96.334	103.192	107.505	114.66	114.052	113.644	117.161	121.613	117.812
222	2.41441	1.64044	-3.96502	-2.11869	9.2955	4.41259	-0.224332	-0.139493	1.48764	-0.459039	5.42397	3.34045	6.00129	6.79881	19.7452	43.2763	67.7375	88.182	97.6638	106.545	109.696	109.507	111.102	116.985	117.67	121.102	119.093
221	4.9832	-4.37722	-4.76457	2.03273	2.25223	2.99818	-7.17457	2.53338	1.2894	0.36152	1.50574	3.13815	5.99873	7.74243	17.9499	43.4632	66.7125	88.314	96.2734	104.033	108.422	110.986	109.99	114.833	110.112	114.491	122.046
220	-1.62857	-3.6712	2.80536	0.812009	-2.9276	5.65854	-4.80401	4.33636	5.24304	2.2786	3.03177	3.33089	7.28382	4.81715	16.6743	37.5266	66.4098	88.8083	96.9104	98.1596	105.605	109.337	110.083	111.22	111.727	115.834	119.751
219	-9.13569	-2.70581	4.64474	-4.24889	2.2099	2.4761	-4.43959	1.20302	5.13857	1.29683	0.103979	1.65444	3.37734	1.63645	12.6169	35.0225	61.1937	80.0005	89.5247	92.2273	103.627	106.819	105.248	112.597	111.799	111.908	113.911
218	-8.93141	-5.66214	-1.68381	-5.69954	-1.18397	-2.15625	0.250214	2.90544	7.01342	-0.422672	-1.30203	2.86227	4.63369	-0.730075	12.7859	33.4978	61.4491	74.6533	85.5595	95.5456	102.519	101.823	101.95	106.703	107.622	109.608	108.519
217	-7.88961	-3.88077	-3.60442	-1.57118	-1.58576	-2.78191	3.37242	5.58234	4.85933	0.380789	4.8389	2.31474	3.483	3.45267	13.4788	34.774	59.406	73.0042	87.1265	93.6997	95.8089	99.9657	103.018	100.797	104.185	108.767	105.814
216	-4.98932	0.426935	1.64806	-1.84509	-7.15819	2.24938	-3.55696	5.52181	3.53803	1.42487	8.01618	1.9194	5.58322	11.3091	13.7637	32.855	59.9067	76.2066	85.9412	85.7749	94.0312	92.5888	103.872	98.8799	104.65	105.003	104.147
215	-5.22394	-5.81786	-6.30663	7.5248	-5.35167	-1.1643	-6.17885	2.57077	2.62723	5.32254	4.75916	2.85172	7.71112	8.20502	14.8933	32.1146	54.1106	69.1012	79.702	83.4825	93.6951	86.5404	90.3686	86.4665	105.955	99.0274	101.537
214	-3.97301	0.89317	-3.55361	3.9699	-2.30119	-1.70264	-1.33492	-5.81714	-3.78448	3.54082	5.17642	4.12465	8.21682	7.04868	9.6382	27.7098	51.6195	65.0078	76.8945	79.6004	90.042	83.6238	83.5348	87.4038	98.28	97.4965	97.827
213	4.9524	10.0289	-5.17139	1.446	-1.04588	7.99435	-1.86179	-5.87712	-0.744128	-5.34182	1.2602	3.3646	14.0998	10.6292	11.4883	29.5335	48.0922	65.8404	65.6696	69.7698	88.2193	77.5389	79.7601	86.7547	93.5577	96.4044	88.1705
212	0.313635	5.2776	-2.21503	13.6669	-5.12434	5.60389	-9.54024	-3.34845	-4.95923	-5.4643	4.65757	1.75622	16.4568	8.26154	9.66362	25.7409	49.0627	60.6257	65.3053	61.1702	78.2222	72.5439	73.7365	74.3027	85.6464	84.9761	75.4114
211	-8.61063	-2.74423	-0.774521	14.9114	-10.6855	-1.7439	-8.33233	-2.68168	-5.92393	-3.59487	8.90325	-1.72169	9.57121	-2.04312	9.30606	24.2035	38.4465	52.0056	60.1326	54.3972	57.6404	62.6927	56.1787	70.096	68.2949	73.0119	68.563
210	-14.7644	7.26937	-3.49589	4.08183	-12.6518	1.90114	-10.257	-2.528	1.11836	-7.65142	2.37177	-0.387048	2.79049	7.15243	13.3406	32.2889	35.989	40.9035	61.3478	52.3601	49.6008	65.8422	55.4677	62.9499	61.4362	56.9645	66.1556
209	4.3882	-1.45341	14.1588	-2.74262	-1.10667	5.15632	-12.7961	-5.63257	-2.94581	0.650903	8.78421	-11.8361	-3.49142	19.4076	11.3733	17.2423	35.6306	33.5014	49.0869	48.5927	53.7277	53.7279	54.5857	58.4302	61.9445	56.2658	57.8029
208	9.61109	-7.77736	13.7964	8.42857	13.8996	6.68747	10.9133	-11.1951	12.0581	-3.46287	-0.185477	-6.03121	9.72245	17.5656	20.9727	15.8604	33.2627	27.7039	30.1178	23.8381	49.3166	34.9068	32.4571	47.1466	52.9846	53.0965	58.6452
207	8.98589	3.52819	3.86945	8.75056	2.31955	7.7141	-0.84404	-0.201883	13.2363	9.40832	-26.3475	32.7047	0.277515	16.8529	30.5108	11.9257	15.9137	23.7479	25.7417	21.5783	31.8074	27.4072	32.4522	28.5584	43.7432	26.9545	51.4843
206	1.94748	3.60861	-1.25623	1.60944	0.677628	-8.73525	4.62717	3.22665	7.44841	18.3123	-18.2636	16.955	-15.4038	14.158	5.84735	1.99198	20.2466	11.3504	17.77	39.3995	24.0406	35.1829	19.8677	23.7744	48.6436	16.1402	37.3284
205	-3.73785	7.95021	0.772961	-2.56049	0.88822	-1.23614	0.869449	3.91988	-11.5648	3.86176	-10.0928	-8.25454	-0.475415	0.922839	-8.68534	-5.64988	3.01698	9.95767	21.4411	39.1647	17.1102	18.3172	12.7801	13.8778	20.9662	8.43914	37.7713
204	2.37668	12.3236	7.5384	4.8727	5.61614	7.74969	13.0548	9.46908	-0.679492	10.2895	5.29477	1.17149	11.4962	17.7359	3.77205	-7.08447	2.83788	14.8594	29.9676	16.3127	18.3361	4.07113	17.3671	2.5988	-1.56534	10.502	38.8355
203	7.69736	9.39778	10.9402	9.4662	6.60267	11.9989	14.0011	12.28	9.89805	9.31869	12.0233	9.19634	7.91772	15.4605	10.909	8.02534	10.9254	6.38306	14.3812	14.5681	6.73844	8.66741	19.8079	6.42308	-3.58692	5.29217	20.3146
202	10.3578	8.21797	8.32238	3.76542	6.03158	9.63607	9.29283	4.04789	10.401	2.31606	7.93084	6.46222	0.395404	6.36892	6.71374	5.22674	9.21126	4.67049	9.04763	7.94074	8.71672	8.39576	9.37883	4.69406	4.68321	-6.45644	9.50847
201	3.50228	6.61005	0.143539	-4.25282	0.418179	-4.54979	0.104547	-0.166864	1.35852	-1.04618	1.65836	2.59942	-4.89876	-0.858774	3.4103	3.30753	5.85812	0.691187	5.35375	-1.55961	1.40804	-1.7379	3.73929	-2.52484	1.90879	1.42421	6.20676
200	-0.455887	1.07696	-2.4758	-4.51099	-0.545969	-5.2885	0.562354	-2.45511	0.298648	-0.0954498	-3.39236	5.22705	-5.06271	-1.04067	3.94957	3.8759	1.64782	1.62231	-0.0436371	-1.60936	0.0471009	-2.86337	0.666757	8.69483	4.12448	6.99791	3.89273
