   2.7715413e+00   3.2942676e+00   3.0042694e+00   2.8689889e+00   2.8036504e+00   2.7715413e+00
   2.4417087e+00   3.0742832e+00   2.7084222e+00   2.5568418e+00   2.4417087e+00   2.3861011e+00
   2.1021385e+00   2.9022269e+00   2.4699966e+00   2.2525598e+00   2.1264924e+00   2.0307377e+00
   1.7890658e+00   2.7084222e+00   2.2786564e+00   2.0074805e+00   1.8307596e+00   1.7282987e+00
   1.5226192e+00   2.5568418e+00   2.1511284e+00   1.8307596e+00   1.6128865e+00   1.4540565e+00
   1.3108674e+00   2.4417087e+00   2.0542643e+00   1.7282987e+00   1.4709022e+00   1.2663428e+00
   1.1416389e+00   2.3587741e+00   2.0307377e+00   1.7085052e+00   1.4046683e+00   1.1548651e+00
   1.0532010e+00   2.2786564e+00   2.0307377e+00   1.7282987e+00   1.4209418e+00   1.1285642e+00
   1.0057760e+00   2.2012600e+00   2.0307377e+00   1.7890658e+00   1.5051812e+00   1.1954702e+00
   9.9425721e-01   2.1264924e+00   2.0542643e+00   1.8734250e+00   1.6128865e+00   1.3108674e+00
   1.0411391e+00   2.0542643e+00   2.0542643e+00   1.9392948e+00   1.7085052e+00   1.4540565e+00
   1.0902316e+00   1.9844896e+00   2.0542643e+00   1.9617620e+00   1.8097926e+00   1.5761545e+00
   1.1416389e+00   1.8734250e+00   2.0307377e+00   1.9844896e+00   1.8519694e+00   1.6695957e+00
   1.1682446e+00   1.7685763e+00   1.9844896e+00   1.9844896e+00   1.8734250e+00   1.7282987e+00
   1.1682446e+00   1.6504744e+00   1.9170848e+00   1.9617620e+00   1.8951292e+00   1.7685763e+00
   1.1416389e+00   1.5402591e+00   1.8307596e+00   1.9170848e+00   1.8519694e+00   1.7685763e+00
   1.1028622e+00   1.4540565e+00   1.7483215e+00   1.8519694e+00   1.8307596e+00   1.7483215e+00
   1.0654026e+00   1.3726784e+00   1.6504744e+00   1.7890658e+00   1.7890658e+00   1.7282987e+00
   1.0174282e+00   1.3260542e+00   1.5581035e+00   1.7282987e+00   1.7282987e+00   1.6889384e+00
   9.8287038e-01   1.2810137e+00   1.4709022e+00   1.6695957e+00   1.6695957e+00   1.6504744e+00
