   7.8063177e-01   9.8287038e-01   8.0807883e-01   7.4548038e-01   7.1191184e-01   6.9569873e-01
   7.0375859e-01   9.6048646e-01   7.4548038e-01   6.5676304e-01   6.1290575e-01   5.9208791e-01
   6.2718938e-01   9.6048646e-01   6.8773117e-01   5.7860368e-01   5.2162534e-01   4.8679227e-01
   5.6542654e-01   9.7161396e-01   6.4924140e-01   5.0974582e-01   4.3885511e-01   3.9563859e-01
   5.2162534e-01   1.0057760e+00   6.3445555e-01   4.6487230e-01   3.7349616e-01   3.2527908e-01
   4.9813685e-01   1.0532010e+00   6.4924140e-01   4.4393937e-01   3.2904753e-01   2.6743214e-01
   4.9813685e-01   1.1156392e+00   7.1191184e-01   4.5954830e-01   3.1063195e-01   2.3024017e-01
   5.3378170e-01   1.1954702e+00   8.1744065e-01   5.2766851e-01   3.2155379e-01   2.1240444e-01
   6.4180590e-01   1.2663428e+00   9.4948639e-01   6.5676304e-01   3.7782322e-01   2.1987259e-01
   8.8608164e-01   1.3414169e+00   1.0902316e+00   8.2691092e-01   5.2766851e-01   2.7053042e-01
   1.2233304e+00   1.4046683e+00   1.1954702e+00   9.9425721e-01   7.3694269e-01   4.2394904e-01
   1.5051812e+00   1.4540565e+00   1.2958546e+00   1.1285642e+00   9.2786275e-01   6.5676304e-01
   1.7085052e+00   1.4709022e+00   1.3569576e+00   1.2375030e+00   1.0777456e+00   8.6590198e-01
   1.8307596e+00   1.4879430e+00   1.4209418e+00   1.3260542e+00   1.1954702e+00   1.0174282e+00
   1.8519694e+00   1.4709022e+00   1.4374038e+00   1.3726784e+00   1.2810137e+00   1.1416389e+00
   1.8097926e+00   1.4374038e+00   1.4540565e+00   1.4046683e+00   1.3260542e+00   1.2233304e+00
   1.7282987e+00   1.4046683e+00   1.4374038e+00   1.4209418e+00   1.3569576e+00   1.2810137e+00
   1.6128865e+00   1.3726784e+00   1.4209418e+00   1.4209418e+00   1.3726784e+00   1.3108674e+00
   1.5051812e+00   1.3414169e+00   1.4046683e+00   1.4209418e+00   1.3885812e+00   1.3260542e+00
   1.3885812e+00   1.2958546e+00   1.3726784e+00   1.4046683e+00   1.3726784e+00   1.3414169e+00
