   7.6461308e+01   7.9149691e+01   7.9149691e+01   7.9149691e+01   7.9149691e+01   7.9149691e+01
   6.6590413e+01   7.1355378e+01   7.1355378e+01   7.1355378e+01   7.1355378e+01   7.1355378e+01
   5.5382389e+01   6.3591885e+01   6.3591885e+01   6.3591885e+01   6.2863593e+01   6.2863593e+01
   4.3986728e+01   5.6024010e+01   5.6024010e+01   5.6024010e+01   5.6024010e+01   5.6024010e+01
   3.0778264e+01   4.8791500e+01   4.9928575e+01   4.9928575e+01   4.9356763e+01   4.9356763e+01
   1.4390605e+01   4.2492683e+01   4.4496327e+01   4.4496327e+01   4.3986728e+01   4.3986728e+01
   3.7392663e+00   3.6583196e+01   3.9200955e+01   3.9655109e+01   3.9200955e+01   3.9200955e+01
   2.0780636e+00   3.0077319e+01   3.4140245e+01   3.4935876e+01   3.4935876e+01   3.4535769e+01
   1.4879430e+00   2.2551560e+01   2.9055718e+01   3.0077319e+01   3.0077319e+01   3.0077319e+01
   1.1954702e+00   1.3742604e+01   2.2812826e+01   2.4728433e+01   2.5014919e+01   2.5014919e+01
   1.0411391e+00   7.4633957e+00   1.6715199e+01   1.9640230e+01   2.0097941e+01   1.9867768e+01
   9.4948639e-01   4.6007795e+00   1.1968481e+01   1.5243740e+01   1.5962524e+01   1.5962524e+01
   9.0673157e-01   3.2192439e+00   8.6689996e+00   1.2107139e+01   1.2973481e+01   1.3123783e+01
   8.7593370e-01   2.4417087e+00   6.4254560e+00   9.8400317e+00   1.0789877e+01   1.0914881e+01
   8.5598516e-01   1.9617620e+00   4.9299944e+00   8.1838277e+00   9.1829346e+00   9.2893215e+00
   8.3649092e-01   1.6695957e+00   3.7825867e+00   6.8852380e+00   7.9058574e+00   8.0901016e+00
   8.2691092e-01   1.5051812e+00   2.9698627e+00   5.7927054e+00   6.8852380e+00   7.0456970e+00
   8.1744065e-01   1.3885812e+00   2.3861011e+00   4.9299944e+00   5.9963772e+00   6.2072101e+00
   8.0807883e-01   1.3260542e+00   1.9392948e+00   4.1957674e+00   5.2827667e+00   5.5318633e+00
   7.8967561e-01   1.2810137e+00   1.6504744e+00   3.5708893e+00   4.7079996e+00   4.9299944e+00
