   5.4058804e+00   6.0658469e+00   5.7263639e+00   5.5959514e+00   5.5318633e+00   5.5318633e+00
   4.7079996e+00   5.5959514e+00   5.2222653e+00   5.0448868e+00   4.9299944e+00   4.8735331e+00
   3.9609458e+00   5.1033332e+00   4.7079996e+00   4.4445102e+00   4.2935488e+00   4.1957674e+00
   3.2192439e+00   4.6540808e+00   4.2935488e+00   4.0068345e+00   3.7825867e+00   3.6541081e+00
   2.5568418e+00   4.2935488e+00   3.9155827e+00   3.6122591e+00   3.3710398e+00   3.1823752e+00
   2.0074805e+00   3.9609458e+00   3.6541081e+00   3.3710398e+00   3.0742832e+00   2.8361315e+00
   1.6128865e+00   3.6541081e+00   3.4496012e+00   3.1823752e+00   2.8689889e+00   2.6164284e+00
   1.3414169e+00   3.3710398e+00   3.2942676e+00   3.0742832e+00   2.8036504e+00   2.4986122e+00
   1.1682446e+00   3.1459287e+00   3.1823752e+00   3.0042694e+00   2.7398000e+00   2.4699966e+00
   1.0777456e+00   2.9022269e+00   3.0742832e+00   2.9698627e+00   2.7398000e+00   2.4699966e+00
   1.0292153e+00   2.6467405e+00   2.9358500e+00   2.9022269e+00   2.7398000e+00   2.4986122e+00
   1.0174282e+00   2.4137448e+00   2.8361315e+00   2.8361315e+00   2.7084222e+00   2.4986122e+00
   1.0057760e+00   2.1760498e+00   2.6774037e+00   2.7398000e+00   2.6467405e+00   2.4699966e+00
   1.0057760e+00   1.9617620e+00   2.4986122e+00   2.6467405e+00   2.5864635e+00   2.4417087e+00
   1.0057760e+00   1.7483215e+00   2.3317600e+00   2.5275593e+00   2.4699966e+00   2.3861011e+00
   9.8287038e-01   1.5944147e+00   2.1760498e+00   2.3861011e+00   2.3861011e+00   2.3050553e+00
   9.6048646e-01   1.4709022e+00   1.9844896e+00   2.2525598e+00   2.2786564e+00   2.2012600e+00
   9.3861230e-01   1.3885812e+00   1.8307596e+00   2.1264924e+00   2.1511284e+00   2.1021385e+00
   9.0673157e-01   1.3260542e+00   1.6695957e+00   2.0074805e+00   2.0542643e+00   2.0074805e+00
   8.8608164e-01   1.2810137e+00   1.5226192e+00   1.8951292e+00   1.9617620e+00   1.9392948e+00
