   1.4709022e+00   1.7890658e+00   1.5581035e+00   1.4540565e+00   1.4046683e+00   1.3726784e+00
   1.3108674e+00   1.7282987e+00   1.4209418e+00   1.2958546e+00   1.2233304e+00   1.1817790e+00
   1.1548651e+00   1.6695957e+00   1.3108674e+00   1.1416389e+00   1.0411391e+00   9.8287038e-01
   1.0174282e+00   1.6128865e+00   1.2233304e+00   1.0057760e+00   8.8608164e-01   8.1744065e-01
   8.9634714e-01   1.5944147e+00   1.1682446e+00   9.2786275e-01   7.6285364e-01   6.7206876e-01
   8.1744065e-01   1.5761545e+00   1.1682446e+00   8.8608164e-01   6.8773117e-01   5.6542654e-01
   7.7169151e-01   1.5761545e+00   1.1954702e+00   8.9634714e-01   6.5676304e-01   5.0390791e-01
   7.7169151e-01   1.5944147e+00   1.2663428e+00   9.6048646e-01   6.7985486e-01   4.7570604e-01
   8.1744065e-01   1.6128865e+00   1.3569576e+00   1.0777456e+00   7.7169151e-01   5.0974582e-01
   9.2786275e-01   1.6315722e+00   1.4374038e+00   1.2233304e+00   9.2786275e-01   6.2000644e-01
   1.0902316e+00   1.6504744e+00   1.5226192e+00   1.3414169e+00   1.1028622e+00   8.0807883e-01
   1.2518399e+00   1.6504744e+00   1.5761545e+00   1.4374038e+00   1.2518399e+00   1.0057760e+00
   1.3726784e+00   1.6315722e+00   1.6128865e+00   1.5226192e+00   1.3726784e+00   1.1682446e+00
   1.4374038e+00   1.5944147e+00   1.6315722e+00   1.5761545e+00   1.4540565e+00   1.2958546e+00
   1.4540565e+00   1.5581035e+00   1.6315722e+00   1.5944147e+00   1.5051812e+00   1.3726784e+00
   1.4209418e+00   1.4879430e+00   1.5944147e+00   1.5944147e+00   1.5226192e+00   1.4374038e+00
   1.3569576e+00   1.4374038e+00   1.5581035e+00   1.5944147e+00   1.5402591e+00   1.4540565e+00
   1.2958546e+00   1.3726784e+00   1.5226192e+00   1.5581035e+00   1.5402591e+00   1.4709022e+00
   1.2093201e+00   1.3260542e+00   1.4709022e+00   1.5402591e+00   1.5226192e+00   1.4709022e+00
   1.1416389e+00   1.2958546e+00   1.4209418e+00   1.5051812e+00   1.4879430e+00   1.4540565e+00
