   3.9200955e+01   4.1524953e+01   4.1049385e+01   4.1049385e+01   4.1049385e+01   4.1049385e+01
   3.4140245e+01   3.7007022e+01   3.7007022e+01   3.7007022e+01   3.6583196e+01   3.6583196e+01
   2.8722955e+01   3.2980644e+01   3.2980644e+01   3.2602930e+01   3.2602930e+01   3.2602930e+01
   2.2812826e+01   2.9392337e+01   2.9392337e+01   2.9055718e+01   2.9055718e+01   2.8722955e+01
   1.5779711e+01   2.5894445e+01   2.5894445e+01   2.5894445e+01   2.5597886e+01   2.5597886e+01
   7.8153147e+00   2.2551560e+01   2.3077119e+01   2.3077119e+01   2.2812826e+01   2.2812826e+01
   3.2565397e+00   1.9415299e+01   2.0566319e+01   2.0804586e+01   2.0566319e+01   2.0330782e+01
   1.9844896e+00   1.6147454e+01   1.8118785e+01   1.8541039e+01   1.8328696e+01   1.8118785e+01
   1.4540565e+00   1.2389293e+01   1.5598992e+01   1.6334527e+01   1.6147454e+01   1.5962524e+01
   1.1817790e+00   8.7694324e+00   1.2973481e+01   1.4062872e+01   1.4062872e+01   1.3901816e+01
   1.0411391e+00   5.9277031e+00   1.0544148e+01   1.1831410e+01   1.1968481e+01   1.1831410e+01
   9.6048646e-01   4.1477150e+00   8.3745500e+00   9.9540312e+00   1.0186008e+01   1.0069351e+01
   9.0673157e-01   3.0390747e+00   6.6513753e+00   8.3745500e+00   8.7694324e+00   8.6689996e+00
   8.8608164e-01   2.3587741e+00   5.2827667e+00   7.1273234e+00   7.5498612e+00   7.5498612e+00
   8.6590198e-01   1.9392948e+00   4.2443766e+00   6.1361215e+00   6.5751998e+00   6.5751998e+00
   8.4618190e-01   1.6695957e+00   3.4496012e+00   5.2827667e+00   5.7927054e+00   5.7927054e+00
   8.3649092e-01   1.4879430e+00   2.8036504e+00   4.6007795e+00   5.1033332e+00   5.1624568e+00
   8.2691092e-01   1.3885812e+00   2.2786564e+00   4.0068345e+00   4.5480886e+00   4.6540808e+00
   8.0807883e-01   1.3260542e+00   1.9170848e+00   3.4895658e+00   4.0532548e+00   4.1957674e+00
   7.9882422e-01   1.2810137e+00   1.6315722e+00   3.0742832e+00   3.6541081e+00   3.7825867e+00
