   1.0544148e+01   1.1298649e+01   1.1041333e+01   1.0914881e+01   1.0914881e+01   1.0789877e+01
   9.0777661e+00   1.0304015e+01   9.9540312e+00   9.8400317e+00   9.7273378e+00   9.6159345e+00
   7.6373285e+00   9.2893215e+00   8.9738021e+00   8.7694324e+00   8.5697171e+00   8.4715715e+00
   6.0658469e+00   8.3745500e+00   7.9974489e+00   7.8153147e+00   7.5498612e+00   7.4633957e+00
   4.4445102e+00   7.5498612e+00   7.2934241e+00   6.9650055e+00   6.7284334e+00   6.5751998e+00
   3.0742832e+00   6.7284334e+00   6.6513753e+00   6.3518678e+00   6.1361215e+00   5.8598155e+00
   2.1511284e+00   5.9963772e+00   6.0658469e+00   5.8598155e+00   5.5959514e+00   5.3439690e+00
   1.6128865e+00   5.3439690e+00   5.5959514e+00   5.4685090e+00   5.2222653e+00   4.9871097e+00
   1.3108674e+00   4.7079996e+00   5.2222653e+00   5.1624568e+00   4.9299944e+00   4.6540808e+00
   1.1285642e+00   4.1002129e+00   4.8177185e+00   4.8735331e+00   4.6540808e+00   4.3936091e+00
   1.0292153e+00   3.4895658e+00   4.3936091e+00   4.5480886e+00   4.3936091e+00   4.1957674e+00
   9.8287038e-01   2.9698627e+00   4.0068345e+00   4.2443766e+00   4.1477150e+00   3.9609458e+00
   9.4948639e-01   2.4986122e+00   3.6122591e+00   3.9609458e+00   3.9155827e+00   3.7392663e+00
   9.3861230e-01   2.1264924e+00   3.2565397e+00   3.6541081e+00   3.6541081e+00   3.5299933e+00
   9.2786275e-01   1.8307596e+00   2.9022269e+00   3.3710398e+00   3.3710398e+00   3.2942676e+00
   9.0673157e-01   1.6315722e+00   2.5568418e+00   3.0742832e+00   3.1459287e+00   3.0742832e+00
   8.9634714e-01   1.4879430e+00   2.2786564e+00   2.8361315e+00   2.9022269e+00   2.8689889e+00
   8.7593370e-01   1.3885812e+00   2.0074805e+00   2.5864635e+00   2.7084222e+00   2.6774037e+00
   8.5598516e-01   1.3260542e+00   1.7685763e+00   2.3861011e+00   2.5275593e+00   2.4986122e+00
   8.3649092e-01   1.2810137e+00   1.5761545e+00   2.2012600e+00   2.3587741e+00   2.3587741e+00
