   2.0330782e+01   2.1536076e+01   2.1289432e+01   2.1289432e+01   2.1045613e+01   2.1045613e+01
   1.7706147e+01   1.9415299e+01   1.9192943e+01   1.8973134e+01   1.8973134e+01   1.8973134e+01
   1.4896579e+01   1.7503365e+01   1.7104743e+01   1.6908849e+01   1.6908849e+01   1.6715199e+01
   1.1695910e+01   1.5420343e+01   1.5243740e+01   1.5069160e+01   1.4896579e+01   1.4725974e+01
   8.1838277e+00   1.3742604e+01   1.3585216e+01   1.3429630e+01   1.3275825e+01   1.3123783e+01
   4.7625431e+00   1.2107139e+01   1.2247403e+01   1.2107139e+01   1.1831410e+01   1.1695910e+01
   2.7084222e+00   1.0544148e+01   1.1041333e+01   1.0914881e+01   1.0666305e+01   1.0423390e+01
   1.8307596e+00   8.9738021e+00   9.9540312e+00   9.9540312e+00   9.7273378e+00   9.5058070e+00
   1.3885812e+00   7.3779204e+00   8.8710288e+00   8.9738021e+00   8.8710288e+00   8.5697171e+00
   1.1682446e+00   5.9277031e+00   7.8153147e+00   8.1838277e+00   7.9974489e+00   7.8153147e+00
   1.0411391e+00   4.6007795e+00   6.7284334e+00   7.2934241e+00   7.2098954e+00   7.0456970e+00
   9.6048646e-01   3.5708893e+00   5.7927054e+00   6.4998967e+00   6.4998967e+00   6.3518678e+00
   9.2786275e-01   2.8036504e+00   4.9299944e+00   5.7263639e+00   5.8598155e+00   5.7263639e+00
   8.9634714e-01   2.2786564e+00   4.1957674e+00   5.1033332e+00   5.2222653e+00   5.1624568e+00
   8.8608164e-01   1.8951292e+00   3.5708893e+00   4.5480886e+00   4.7079996e+00   4.6540808e+00
   8.6590198e-01   1.6504744e+00   3.0042694e+00   4.0068345e+00   4.2443766e+00   4.1957674e+00
   8.5598516e-01   1.4879430e+00   2.5568418e+00   3.6122591e+00   3.8264091e+00   3.8264091e+00
   8.3649092e-01   1.3885812e+00   2.1760498e+00   3.2192439e+00   3.4895658e+00   3.4895658e+00
   8.2691092e-01   1.3260542e+00   1.8519694e+00   2.8689889e+00   3.1823752e+00   3.1823752e+00
   8.1744065e-01   1.2810137e+00   1.6128865e+00   2.5864635e+00   2.9022269e+00   2.9358500e+00
