   1.8973134e+01   1.9640230e+01   1.9415299e+01   1.9192943e+01   1.9192943e+01   1.8973134e+01
   1.7302906e+01   1.8118785e+01   1.7706147e+01   1.7503365e+01   1.7302906e+01   1.7302906e+01
   1.5420343e+01   1.6523767e+01   1.5962524e+01   1.5779711e+01   1.5598992e+01   1.5598992e+01
   1.3585216e+01   1.5069160e+01   1.4725974e+01   1.4390605e+01   1.4225795e+01   1.4062872e+01
   1.1831410e+01   1.3901816e+01   1.3585216e+01   1.3275825e+01   1.2973481e+01   1.2824901e+01
   1.0069351e+01   1.2973481e+01   1.2678023e+01   1.2389293e+01   1.1968481e+01   1.1831410e+01
   8.2786397e+00   1.2107139e+01   1.1968481e+01   1.1561961e+01   1.1298649e+01   1.1041333e+01
   6.4998967e+00   1.1429547e+01   1.1298649e+01   1.1041333e+01   1.0789877e+01   1.0423390e+01
   5.2827667e+00   1.0666305e+01   1.0666305e+01   1.0544148e+01   1.0304015e+01   9.9540312e+00
   4.6007795e+00   9.8400317e+00   1.0186008e+01   1.0069351e+01   9.8400317e+00   9.5058070e+00
   4.2443766e+00   9.0777661e+00   9.5058070e+00   9.5058070e+00   9.2893215e+00   9.0777661e+00
   4.1002129e+00   8.2786397e+00   8.8710288e+00   8.9738021e+00   8.8710288e+00   8.5697171e+00
   4.1002129e+00   7.3779204e+00   8.2786397e+00   8.3745500e+00   8.2786397e+00   8.0901016e+00
   4.1002129e+00   6.6513753e+00   7.6373285e+00   7.8153147e+00   7.8153147e+00   7.6373285e+00
   4.1002129e+00   5.9277031e+00   7.0456970e+00   7.2934241e+00   7.2934241e+00   7.1273234e+00
   4.1477150e+00   5.4058804e+00   6.4998967e+00   6.8063842e+00   6.8063842e+00   6.7284334e+00
   4.1477150e+00   4.9871097e+00   5.9963772e+00   6.3518678e+00   6.4254560e+00   6.3518678e+00
   4.1002129e+00   4.7079996e+00   5.5959514e+00   5.9963772e+00   6.0658469e+00   5.9963772e+00
   4.0532548e+00   4.5480886e+00   5.2222653e+00   5.6607821e+00   5.7263639e+00   5.7263639e+00
   4.0068345e+00   4.3936091e+00   4.8735331e+00   5.4058804e+00   5.4685090e+00   5.4685090e+00
