   7.1355378e+01   7.2182050e+01   7.1355378e+01   7.1355378e+01   7.1355378e+01   7.1355378e+01
   6.3591885e+01   6.5073880e+01   6.4328615e+01   6.4328615e+01   6.4328615e+01   6.4328615e+01
   5.6673063e+01   5.8665691e+01   5.7993817e+01   5.7993817e+01   5.7993817e+01   5.7329637e+01
   4.9928575e+01   5.2888552e+01   5.2282841e+01   5.1684067e+01   5.1684067e+01   5.1684067e+01
   4.2492683e+01   4.7680321e+01   4.7134257e+01   4.6594448e+01   4.6594448e+01   4.6594448e+01
   3.5340618e+01   4.2984973e+01   4.2984973e+01   4.2492683e+01   4.2006032e+01   4.2006032e+01
   2.7115437e+01   3.9200955e+01   3.9200955e+01   3.8752002e+01   3.8752002e+01   3.8308191e+01
   1.4225795e+01   3.5750049e+01   3.5750049e+01   3.5750049e+01   3.5340618e+01   3.5340618e+01
   5.9963772e+00   3.2602930e+01   3.2980644e+01   3.2980644e+01   3.2602930e+01   3.2229541e+01
   4.1002129e+00   2.8722955e+01   2.9732855e+01   2.9732855e+01   2.9732855e+01   2.9392337e+01
   2.7747356e+01   2.4165267e+01   2.6194439e+01   2.6194439e+01   2.5894445e+01   2.5894445e+01
   3.6583196e+01   1.8118785e+01   2.1289432e+01   2.1785578e+01   2.1536076e+01   2.1536076e+01
   4.3482966e+01   1.2389293e+01   1.6715199e+01   1.7503365e+01   1.7503365e+01   1.7302906e+01
   4.8232711e+01   8.7694324e+00   1.3123783e+01   1.4225795e+01   1.4390605e+01   1.4225795e+01
   4.8791500e+01   6.8063842e+00   1.0666305e+01   1.1968481e+01   1.2107139e+01   1.2107139e+01
   4.2006032e+01   5.7263639e+00   8.8710288e+00   1.0304015e+01   1.0544148e+01   1.0544148e+01
   2.9055718e+01   5.0448868e+00   7.5498612e+00   9.0777661e+00   9.2893215e+00   9.2893215e+00
   3.1098996e+00   4.7079996e+00   6.4998967e+00   8.0901016e+00   8.3745500e+00   8.3745500e+00
   3.1823752e+00   4.4960011e+00   5.7263639e+00   7.2934241e+00   7.6373285e+00   7.7258091e+00
   3.2565397e+00   4.3432908e+00   5.1033332e+00   6.7284334e+00   7.0456970e+00   7.1273234e+00
