   1.3758443e+02   1.3758443e+02   1.3758443e+02   1.3758443e+02   1.3758443e+02   1.3758443e+02
   1.2261519e+02   1.2547271e+02   1.2403572e+02   1.2403572e+02   1.2403572e+02   1.2403572e+02
   1.0927461e+02   1.1182123e+02   1.1182123e+02   1.1182123e+02   1.1182123e+02   1.1182123e+02
   9.5167628e+01   1.0080957e+02   9.9655036e+01   9.9655036e+01   9.9655036e+01   9.9655036e+01
   8.1932598e+01   8.9841447e+01   8.9841447e+01   8.9841447e+01   8.8812529e+01   8.8812529e+01
   6.8142287e+01   8.0994257e+01   8.0994257e+01   8.0994257e+01   8.0994257e+01   8.0066663e+01
   5.2282841e+01   7.3864237e+01   7.3864237e+01   7.3864237e+01   7.3864237e+01   7.3018300e+01
   2.7115437e+01   6.7361881e+01   6.7361881e+01   6.7361881e+01   6.7361881e+01   6.7361881e+01
   6.2791224e+00   6.0728380e+01   6.2143641e+01   6.2143641e+01   6.2143641e+01   6.1431935e+01
   2.7115437e+01   5.4748117e+01   5.6673063e+01   5.6673063e+01   5.6673063e+01   5.6673063e+01
   5.0507012e+01   4.7134257e+01   5.0507012e+01   5.0507012e+01   5.0507012e+01   4.9928575e+01
   6.7361881e+01   3.3749250e+01   4.0579263e+01   4.0579263e+01   4.0579263e+01   4.0114525e+01
   8.3842020e+01   1.7503365e+01   2.7115437e+01   2.8394002e+01   2.8394002e+01   2.8394002e+01
   9.9655036e+01   9.9540312e+00   1.8118785e+01   2.0097941e+01   2.0566319e+01   2.0566319e+01
   1.1182123e+02   7.1273234e+00   1.3123783e+01   1.5779711e+01   1.6334527e+01   1.6334527e+01
   1.1182123e+02   5.7927054e+00   1.0304015e+01   1.2973481e+01   1.3585216e+01   1.3585216e+01
   9.5167628e+01   5.1033332e+00   8.2786397e+00   1.1041333e+01   1.1695910e+01   1.1831410e+01
   5.9345350e+01   4.7079996e+00   6.8852380e+00   9.7273378e+00   1.0304015e+01   1.0423390e+01
   1.8973134e+01   4.4960011e+00   5.8598155e+00   8.5697171e+00   9.2893215e+00   9.3969409e+00
   3.1459287e+00   4.3432908e+00   5.1624568e+00   7.6373285e+00   8.3745500e+00   8.5697171e+00
