   3.7007022e+01   3.7435759e+01   3.7007022e+01   3.7007022e+01   3.7007022e+01   3.7007022e+01
   3.2980644e+01   3.4140245e+01   3.3749250e+01   3.3362734e+01   3.3362734e+01   3.3362734e+01
   2.9392337e+01   3.0778264e+01   3.0425773e+01   3.0077319e+01   3.0077319e+01   3.0077319e+01
   2.5894445e+01   2.7747356e+01   2.7429577e+01   2.7115437e+01   2.7115437e+01   2.6804895e+01
   2.2293286e+01   2.5304724e+01   2.5014919e+01   2.4728433e+01   2.4445228e+01   2.4165267e+01
   1.8541039e+01   2.3077119e+01   2.2812826e+01   2.2551560e+01   2.2293286e+01   2.2037970e+01
   1.4225795e+01   2.1289432e+01   2.1045613e+01   2.0804586e+01   2.0566319e+01   2.0330782e+01
   8.9738021e+00   1.9415299e+01   1.9640230e+01   1.9415299e+01   1.9192943e+01   1.8755842e+01
   5.5959514e+00   1.7911278e+01   1.8118785e+01   1.7911278e+01   1.7706147e+01   1.7503365e+01
   4.2443766e+00   1.5962524e+01   1.6523767e+01   1.6523767e+01   1.6334527e+01   1.5962524e+01
   3.6541081e+00   1.3742604e+01   1.4896579e+01   1.4896579e+01   1.4725974e+01   1.4557324e+01
   1.6715199e+01   1.1429547e+01   1.2973481e+01   1.3275825e+01   1.3123783e+01   1.2973481e+01
   1.8755842e+01   9.2893215e+00   1.1298649e+01   1.1695910e+01   1.1695910e+01   1.1429547e+01
   1.7911278e+01   7.6373285e+00   9.8400317e+00   1.0304015e+01   1.0304015e+01   1.0186008e+01
   1.3742604e+01   6.4254560e+00   8.5697171e+00   9.1829346e+00   9.1829346e+00   9.1829346e+00
   3.3324326e+00   5.5959514e+00   7.5498612e+00   8.2786397e+00   8.3745500e+00   8.2786397e+00
   3.3710398e+00   5.0448868e+00   6.7284334e+00   7.4633957e+00   7.6373285e+00   7.5498612e+00
   3.4100943e+00   4.7079996e+00   6.0658469e+00   6.8852380e+00   7.0456970e+00   6.9650055e+00
   3.4496012e+00   4.4960011e+00   5.4685090e+00   6.3518678e+00   6.4998967e+00   6.4998967e+00
   3.4895658e+00   4.3936091e+00   4.9871097e+00   5.9963772e+00   6.1361215e+00   6.1361215e+00
