   5.0448868e+00   5.8598155e+00   5.3439690e+00   5.1624568e+00   4.9871097e+00   4.9299944e+00
   4.6007795e+00   5.6607821e+00   5.0448868e+00   4.7079996e+00   4.5480886e+00   4.3936091e+00
   4.1477150e+00   5.4685090e+00   4.8177185e+00   4.3936091e+00   4.1477150e+00   3.9609458e+00
   3.8707391e+00   5.4058804e+00   4.7079996e+00   4.2443766e+00   3.8707391e+00   3.6122591e+00
   3.7825867e+00   5.3439690e+00   4.7625431e+00   4.2443766e+00   3.7825867e+00   3.4496012e+00
   3.9609458e+00   5.3439690e+00   4.8177185e+00   4.3936091e+00   3.8707391e+00   3.4496012e+00
   4.2935488e+00   5.4058804e+00   4.9871097e+00   4.5480886e+00   4.1002129e+00   3.6541081e+00
   4.8177185e+00   5.4685090e+00   5.1033332e+00   4.7625431e+00   4.3432908e+00   3.9155827e+00
   5.4685090e+00   5.5318633e+00   5.2827667e+00   4.9871097e+00   4.6007795e+00   4.2443766e+00
   6.2072101e+00   5.5959514e+00   5.4058804e+00   5.1624568e+00   4.8735331e+00   4.5480886e+00
   7.0456970e+00   5.6607821e+00   5.4685090e+00   5.3439690e+00   5.1033332e+00   4.7625431e+00
   7.9974489e+00   5.6607821e+00   5.5318633e+00   5.4058804e+00   5.2222653e+00   4.9871097e+00
   9.1829346e+00   5.5959514e+00   5.5318633e+00   5.4685090e+00   5.3439690e+00   5.1033332e+00
   1.0423390e+01   5.4685090e+00   5.5318633e+00   5.4685090e+00   5.3439690e+00   5.1624568e+00
   1.1695910e+01   5.3439690e+00   5.4058804e+00   5.3439690e+00   5.2827667e+00   5.1624568e+00
   1.2824901e+01   5.1624568e+00   5.2222653e+00   5.2827667e+00   5.1624568e+00   5.1033332e+00
   1.3429630e+01   4.9871097e+00   5.1033332e+00   5.1033332e+00   5.1033332e+00   4.9871097e+00
   1.3275825e+01   4.7625431e+00   4.9299944e+00   4.9871097e+00   4.9871097e+00   4.8735331e+00
   1.2107139e+01   4.6540808e+00   4.7625431e+00   4.8735331e+00   4.8735331e+00   4.8177185e+00
   9.9540312e+00   4.5480886e+00   4.6007795e+00   4.7625431e+00   4.7625431e+00   4.7079996e+00
