   2.5864635e+00   3.4895658e+00   2.8689889e+00   2.6164284e+00   2.4699966e+00   2.3861011e+00
   2.3587741e+00   3.5708893e+00   2.8036504e+00   2.4137448e+00   2.2012600e+00   2.0780636e+00
   2.2012600e+00   3.6541081e+00   2.8036504e+00   2.3050553e+00   1.9844896e+00   1.8097926e+00
   2.1760498e+00   3.8264091e+00   2.9698627e+00   2.3587741e+00   1.8951292e+00   1.6128865e+00
   2.4137448e+00   4.0068345e+00   3.2565397e+00   2.5864635e+00   1.9617620e+00   1.5402591e+00
   3.0042694e+00   4.1477150e+00   3.5299933e+00   2.9698627e+00   2.3050553e+00   1.6889384e+00
   3.8264091e+00   4.3432908e+00   3.8264091e+00   3.3324326e+00   2.7715413e+00   2.1264924e+00
   4.7079996e+00   4.5480886e+00   4.1002129e+00   3.6964420e+00   3.2192439e+00   2.6467405e+00
   5.6607821e+00   4.7079996e+00   4.3432908e+00   4.0532548e+00   3.6541081e+00   3.1823752e+00
   6.7284334e+00   4.9299944e+00   4.6007795e+00   4.3432908e+00   4.0068345e+00   3.6122591e+00
   7.9058574e+00   5.1033332e+00   4.8177185e+00   4.6007795e+00   4.3432908e+00   4.0068345e+00
   9.2893215e+00   5.2222653e+00   4.9871097e+00   4.8177185e+00   4.6007795e+00   4.3432908e+00
   1.0789877e+01   5.2827667e+00   5.1033332e+00   4.9299944e+00   4.7625431e+00   4.5480886e+00
   1.2389293e+01   5.2827667e+00   5.1033332e+00   4.9871097e+00   4.8735331e+00   4.7079996e+00
   1.4062872e+01   5.2222653e+00   5.0448868e+00   4.9871097e+00   4.8735331e+00   4.7625431e+00
   1.5779711e+01   5.1033332e+00   4.9871097e+00   4.9299944e+00   4.8735331e+00   4.7625431e+00
   1.6908849e+01   4.9871097e+00   4.8735331e+00   4.8735331e+00   4.8177185e+00   4.7079996e+00
   1.7706147e+01   4.8177185e+00   4.7625431e+00   4.7625431e+00   4.7079996e+00   4.6540808e+00
   1.7302906e+01   4.7079996e+00   4.6540808e+00   4.6540808e+00   4.6540808e+00   4.6007795e+00
   1.5779711e+01   4.6007795e+00   4.5480886e+00   4.6007795e+00   4.5480886e+00   4.5480886e+00
