   2.6528449e+02   2.6528449e+02   2.6528449e+02   2.6528449e+02   2.6528449e+02   2.6528449e+02
   2.3916044e+02   2.4193118e+02   2.3916044e+02   2.3916044e+02   2.3916044e+02   2.3916044e+02
   2.1069869e+02   2.1560897e+02   2.1560897e+02   2.1560897e+02   2.1560897e+02   2.1560897e+02
   1.8349820e+02   1.9215063e+02   1.9215063e+02   1.9215063e+02   1.9215063e+02   1.9215063e+02
   1.5797898e+02   1.7322849e+02   1.7322849e+02   1.7124457e+02   1.7124457e+02   1.7124457e+02
   1.3138908e+02   1.5616971e+02   1.5616971e+02   1.5438116e+02   1.5438116e+02   1.5438116e+02
   9.9655036e+01   1.4079080e+02   1.4079080e+02   1.4079080e+02   1.4079080e+02   1.4079080e+02
   5.3501281e+01   1.2839682e+02   1.2839682e+02   1.2839682e+02   1.2839682e+02   1.2839682e+02
   6.5751998e+00   1.1575287e+02   1.1845046e+02   1.1845046e+02   1.1845046e+02   1.1845046e+02
   4.8791500e+01   1.0556301e+02   1.0927461e+02   1.0927461e+02   1.0927461e+02   1.0927461e+02
   9.1935182e+01   9.1935182e+01   9.9655036e+01   1.0080957e+02   1.0080957e+02   9.9655036e+01
   1.2403572e+02   6.9730328e+01   8.4813353e+01   8.5795939e+01   8.4813353e+01   8.4813353e+01
   1.5797898e+02   2.8068817e+01   5.2888552e+01   5.3501281e+01   5.2888552e+01   5.2888552e+01
   1.9215063e+02   1.0914881e+01   2.5304724e+01   2.9392337e+01   3.0077319e+01   3.0077319e+01
   2.2318980e+02   7.2934241e+00   1.5962524e+01   2.0804586e+01   2.2037970e+01   2.2293286e+01
   2.4473402e+02   5.8598155e+00   1.1695910e+01   1.6523767e+01   1.7706147e+01   1.7911278e+01
   2.3371379e+02   5.1033332e+00   8.9738021e+00   1.3742604e+01   1.5069160e+01   1.5243740e+01
   1.7726554e+02   4.7079996e+00   7.2098954e+00   1.1695910e+01   1.2973481e+01   1.3275825e+01
   7.9149691e+01   4.4960011e+00   5.9963772e+00   1.0069351e+01   1.1429547e+01   1.1695910e+01
   3.0742832e+00   4.3432908e+00   5.2222653e+00   8.7694324e+00   1.0186008e+01   1.0544148e+01
