   9.8400317e+00   1.0544148e+01   1.0186008e+01   9.9540312e+00   9.8400317e+00   9.8400317e+00
   8.8710288e+00   9.8400317e+00   9.3969409e+00   9.0777661e+00   8.9738021e+00   8.8710288e+00
   7.9974489e+00   9.1829346e+00   8.6689996e+00   8.3745500e+00   8.0901016e+00   7.9974489e+00
   7.2098954e+00   8.6689996e+00   8.0901016e+00   7.7258091e+00   7.4633957e+00   7.2934241e+00
   6.4998967e+00   8.1838277e+00   7.7258091e+00   7.2934241e+00   6.9650055e+00   6.7284334e+00
   5.9277031e+00   7.8153147e+00   7.4633957e+00   7.0456970e+00   6.7284334e+00   6.4254560e+00
   5.5318633e+00   7.6373285e+00   7.2934241e+00   6.9650055e+00   6.5751998e+00   6.2072101e+00
   5.2827667e+00   7.3779204e+00   7.1273234e+00   6.8852380e+00   6.4998967e+00   6.2072101e+00
   5.2222653e+00   7.2098954e+00   7.0456970e+00   6.8063842e+00   6.5751998e+00   6.2072101e+00
   5.2827667e+00   6.9650055e+00   6.9650055e+00   6.8063842e+00   6.5751998e+00   6.2072101e+00
   5.4685090e+00   6.8063842e+00   6.8852380e+00   6.7284334e+00   6.5751998e+00   6.2791224e+00
   5.7927054e+00   6.4998967e+00   6.7284334e+00   6.6513753e+00   6.4998967e+00   6.2791224e+00
   6.0658469e+00   6.2072101e+00   6.4998967e+00   6.4998967e+00   6.3518678e+00   6.2072101e+00
   6.3518678e+00   5.9277031e+00   6.2791224e+00   6.2791224e+00   6.2072101e+00   6.0658469e+00
   6.4998967e+00   5.5959514e+00   5.9963772e+00   6.0658469e+00   5.9963772e+00   5.9277031e+00
   6.5751998e+00   5.2222653e+00   5.7263639e+00   5.8598155e+00   5.7927054e+00   5.7263639e+00
   6.4254560e+00   4.9871097e+00   5.4685090e+00   5.5959514e+00   5.5959514e+00   5.5318633e+00
   6.1361215e+00   4.7625431e+00   5.2222653e+00   5.4058804e+00   5.4058804e+00   5.3439690e+00
   5.7263639e+00   4.6007795e+00   4.9299944e+00   5.1624568e+00   5.2222653e+00   5.1624568e+00
   5.4058804e+00   4.4445102e+00   4.7625431e+00   4.9871097e+00   5.0448868e+00   4.9871097e+00
